151338729
172883064
254839786
270449528
204317520
265077741
257236842
229425177
149538028
115221382
288485704
152388029
112939321
200559228
261447035
292598082
2705
792998
61065794
230505689
102364313
226516599
112819301
181288376
164422299
240944206
40791597
47799910
31067157
18709570
405323682
333709376
7861312
16908436
16038438
20747847
179278975
21158690
40340464
324546502
290656947
16264063
268479669
207936757
1294741
18142375
21697211
37883682
1269251
6277512
6194262
6745742
44114848
19649303
115965772
24866186
417622555
286012612
88971791
292970754
233909647
34684258
238308325
17564647
146867687
61598133
422253889
452342492
50901147
100383683
99066209
116379446
14129299
21982720
813286
16637198
17567533
21122950
15859033
38762773
17780580
18194898
20060293
37792861
14630319
18713254
14998938
172768360
88617158
23027237
16252002
444895340
251261925
360245938
67348022
46750053
69641958
9917552
20177423
17469289
36451558
14288822
18742076
42634830
31268403
55631487
26511852
145472611
56026822
146598800
18953266
247565758
175087260
2904691
26597332
132834166
28960709
25473689
22273748
127178017
203783262
282447785
474589602
70600914
373123978
35701370
17595759
15249238
305512397
263723790
6368672
15773675
18285245
14269220
19010126
15577905
59804598
35407584
127437545
15849055
14917050
250906649
38939069
307629880
252712327
362888622
172085164
35831704
24278900
17174309
23272358
49997792
28120317
16186743
24233316
58113278
20801235
71599012
18739697
33940986
15435220
9531232
6037682
300027658
17632072
229706893
38492717
23140494
155976326
17986155
124524869
19622462
14220046
101008987
107172099
119897041
14208982
19469924
114340234
18148907
32520177
6374602
14355964
46319532
42828152
20611320
113751683
35722372
19563357
276905731
167112946
71827867
73745407
365103804
354717831
16213013
27970832
36750478
15094659
7458942
21685295
123565032
19364964
26299078
17899109
19526770
21642976
40708033
11696732
22460658
57615171
18124625
17483462
28617554
15311166
22396371
240926153
25254052
23827692
18682397
87874905
433873546
16831715
108993961
8346982
187197078
13196662
5606492
14502775
14341671
14550264
13455472
13761042
86970580
177593483
41476892
14783304
15993038
20495756
466830475
28539301
311214131
55488516
121063287
37878753
12591
7738402
16633144
32460344
656673
7826472
168453874
60591163
7400342
2060631
17648193
44004358
14474785
40813518
52832085
195934431
46553113
18803775
130155510
25276905
173282921
21651598
16793368
59836995
14152810
128528922
21436558
104548229
23497893
15271655
64503060
36385076
31037985
27155383
19982092
23217907
309754474
151505240
166747718
161966800
121295290
306265180
22317432
278109079
102794589
27476898
328726293
21315721
5391882
16987303
14747507
20596035
16974572
307206030
213032194
77806232
87044829
219173613
295759517
27972426
27853622
250708662
140487396
171374806
13612732
13165
20463300
147386402
14327760
14283433
93927917
28229899
30153287
16650023
18141016
18309277
19738459
11856762
312285643
14183551
14050213
81501774
18638460
23404483
42900952
39693835
16365403
9313022
15805171
42977712
213350034
35206553
19550535
19738805
123153760
17995419
12223
27531390
34163
11231232
12555
823129
134935099
65114531
14467403
2223571
666073
13931982
19579205
222040026
523173553
525952691
47
6160742
586
6331462
24560836
17587207
100649666
111164068
38214426
25421732
95332892
141021153
290097288
39141427
72753148
34082952
23477141
15428227
47723728
1891381
2729061
16892481
17595439
11107172
7842902
79676954
20465564
78034746
17092592
108931405
423385493
19676802
335343438
27870530
22120066
84421229
15160273
76771932
7875762
47161442
28856770
56955361
19370213
185512077
191229219
195316132
71671576
234914530
36444947
15888142
15775214
183786731
256651717
68503464
366795440
386064033
176302452
347376996
52025380
338054017
148727717
389820347
53391112
31524543
257484939
17660341
16017251
81952694
386161471
80650549
86597957
14413075
767396
1885511
16364399
14335880
507731256
191613738
32547856
17702627
70736917
26674923
246036834
245683115
16001975
17959695
18270268
15222719
14596798
14749755
17913814
4664501
6810832
14503
16866701
7552082
14257869
13276422
487698090
392197972
55873816
115751705
17587331
16522244
64069241
18698454
21415375
14443028
41530500
14766418
42923074
2109381
15933993
19523675
8875752
13104722
14521530
8708012
40349308
16562949
19624836
19092024
22575398
42637650
9771562
18628801
19766673
14892073
14458660
15869453
18479089
23095315
8162312
4733771
5388222
462357211
2891131
20941681
6598572
91718540
9406452
13607
16003349
17903702
14089595
6223132
6981492
46477415
21908150
16274879
62886136
15081306
1963821
14335262
14985228
15811487
14499127
14226805
107129460
7319512
23904110
19210139
14499168
15976255
410469035
17022234
13397502
23346663
18904121
14369901
195777968
12739092
16246065
17740231
29403586
19608297
21314814
81575608
20039889
82208992
46167548
14980820
88957553
14677998
16517711
2269701
18778944
14502745
3094401
835871
817288
879521
36823
817268
14132461
14801863
11041
15903746
21682707
7566522
14724347
19118802
43011256
19216679
248929163
21173505
5423502
139531245
83423381
29088049
17358260
284136905
15737386
48132194
164087020
16303393
104489671
15861559
15135874
57903424
5576542
21116178
897351
157504724
30418870
193073314
156406287
32462148
32340023
28299971
28375496
74134553
18399652
20209459
467909899
12412572
21414413
27733550
17008726
5758642
15829144
17026041
17001524
15222806
1769551
17023344
39434755
16955436
15174477
158961178
159219605
34244280
42993311
19549883
18010854
15987971
25928253
15368404
67020298
10505322
2806761
343797833
506342927
389486164
45690012
15977848
324660438
162770758
82532813
120892393
292029321
55090226
67487321
186631937
22320889
15140362
15140284
23389509
22196442
113975798
93816184
14404449
51352792
140925207
17843533
16935292
16586811
15381612
3228691
1048651
27718312
14736168
7613282
22104535
63061469
24604813
126030998
79291414
27958687
8861752
281257435
21131904
38764415
30064387
24617214
50325797
16129920
80617430
115710058
113420831
22685638
149180925
13784532
266187076
15731368
17060769
75246510
39394932
15816424
17638336
17637553
16072024
17461932
14933478
14207200
17791350
15382307
21065280
193257525
277295851
15070082
24163983
97127015
22593902
15318271
269247938
14485423
22127500
36765490
11232892
15001424
14794851
341315592
17525171
36756075
13473852
1995371
15181199
38741006
84692450
27268937
213093237
287859665
8163442
35106619
105538252
196421725
193956929
246486755
377645199
346308376
482532023
3609021
14826124
14861784
14873835
141383571
26411479
185301542
4921861
15887110
258218804
61293513
18799041
92034937
459412561
104585489
93006320
987681
8951502
10273252
14835889
237056755
23694473
16069548
153457964
203226736
19167293
61588416
21905301
316832383
22420134
15741208
16334139
227037531
29057694
171168170
132585908
266580182
281347318
521909535
297683673
41627038
40333354
92283370
23899556
15921060
54368387
51256216
22075819
29338157
28878624
43929488
18207202
15641259
232818548
231490657
79253197
447119980
49114409
23258851
7832982
26649958
4366031
146573101
165821961
185106915
35406821
21505330
382823424
10759032
322906622
297064190
14116195
140477628
1075
1084
14118608
5702
101204352
285762606
217856118
143169862
160565602
170922633
174787160
166153909
5452672
19637701
15450986
164686885
19162933
8254252
27178298
11228702
11211792
6456482
26572460
11161852
15726728
15252736
180489407
133315738
11183772
69661906
86157495
16243471
17418971
30535561
17714569
15679119
250376643
14451892
22900797
16660064
18838035
24673002
388952222
15983991
39506306
46409572
128246454
217195997
14586604
64840773
62501328
10115042
15567576
12101862
367661207
16617693
235766196
23878044
22362068
16158496
28056344
25784423
24938230
20571654
13229902
23800248
92409018
147793150
32398059
17632320
14999606
13862162
16651072
16415670
17489445
33601151
29311785
78389587
18181487
5906322
11253262
471963
839321
15859039
19471361
8834612
80523
18681592
17870501
74499126
200606907
110760237
121570037
147665130
129631184
111492860
15418343
7218552
6370862
17821671
22596969
184146952
84114921
175767720
175624200
469357690
89826562
114384624
14355610
20165052
36471939
84155547
19006707
24297552
18382692
69816513
58129878
307044653
467966761
58347421
4267411
325641978
394380766
14711937
14359507
14372486
40076725
72357609
247583674
190833564
388556323
526216513
1689591
83451356
22292456
88454202
71478544
174273365
144320202
163739424
168231881
195851893
101370287
1775861
220955782
16249596
27778893
17908655
17133173
96890549
38056617
173965448
36778012
28061932
3943871
17368639
14281853
19963701
14224719
26727655
16600626
4898501
175633082
16032577
85718756
174768030
84200495
45951258
50640633
19089252
52205516
230282119
37876253
30086507
86204900
18940128
13559692
6023362
15962697
10922662
3375481
33753936
14244465
260275101
18006698
8596022
14850955
56623
15150828
9759932
15671992
165908478
327102622
173468248
216088014
1445981
14309129
56278217
20796323
19668592
14622694
44946555
14050235
219152459
236699215
33787115
31537029
14722564
210747974
459898457
20479813
19851359
17416267
15788309
31477608
19703935
14416552
16566306
17397762
45466925
19222164
16430887
15224719
23602815
18201114
101721302
234533857
104084647
76038813
272016961
46002379
15192772
18185593
19117113
15111448
42547398
47424517
19976756
90452330
44431366
24744179
26825852
22941372
188962593
15510569
33572600
25940364
14269172
159294262
18225966
16896485
366971503
15905103
19345378
90972884
404441601
45177955
435551972
279393981
8918012
261434167
490922827
383830013
29663668
17019152
59000613
14339261
167561718
6877722
14458280
9814222
11489
14603011
30008826
70096167
322690327
385587514
507288463
140640190
262182509
185331750
200214366
357866811
322687731
15668559
10350412
14609321
15082762
14888217
784304
15381737
65289126
16373202
14667714
488061226
300532683
14631433
169112757
24793429
33519870
27998627
87478141
23826838
57435204
18234247
150347034
30981586
7027282
56493501
1258391
14058735
19638752
55270849
25019166
310058709
14228208
25371730
15532765
28097924
14750983
135579990
23324461
58447555
208942635
298587541
60943588
104352067
24482785
14558385
22595031
22745706
62059086
20332925
14565565
16740151
94877567
20509649
17087191
18079495
18084906
19353750
21744518
152741998
171681366
169982466
16987555
47282396
75521184
172530816
157218534
168759944
382232560
280028950
16303871
17552020
1222621
44402429
78039441
33059408
21902226
14877628
16336077
30207781
73545592
77275653
66204908
58569776
34991732
56856558
15216270
52835221
47393360
130047324
15822493
39600392
319576850
96060682
166699208
16974253
50892530
75944654
11703722
51698866
40289734
14862017
53150331
21349535
355704786
241715867
301186183
224160357
387439469
217906657
342388972
189952416
347788405
169921002
182883839
265479915
21952872
16005250
180509355
178456134
50735431
235146909
15086499
3200541
16813929
17324205
108508328
31639623
197341208
21645304
19981036
53395621
71600011
97008128
50965086
25180057
60092902
21460249
44383122
55793637
171108403
82775046
15582088
19519021
2747211
33010760
17737498
15209941
9247852
26058342
130559528
131935531
113470669
25492883
27835859
25680767
133272665
20157590
276991796
154602438
30979533
20578176
409628807
87697628
77306913
22037477
18148282
22843068
54997681
21139132
236657680
20193243
339875129
62831503
19388771
442587710
358030466
350322420
392251125
122703083
27711706
20958456
249996933
458341610
30982580
299926425
14260655
15816057
54476281
216977719
202037047
16807882
60972923
78569026
3299561
108908302
19302265
2450021
56431113
348278208
16815619
33669807
42897096
9272
14540042
17995580
18988466
15759166
19014804
29806910
16803196
15961191
22749632
25527966
34793170
74622259
20379995
18829102
22661707
31200707
182101865
208062005
14500804
304233994
14803917
21778842
195938803
20690398
17426542
240657729
148914977
282622795
262045931
220861472
114890849
417311399
234485146
226426309
36756569
240393947
145950327
280919733
24969285
16703744
171693385
17424872
23793447
19185333
22814630
197272283
17401717
16161210
6708412
103096174
40893066
30007505
343918825
18729482
63010830
74796174
23776156
93146357
14269160
66530713
19976980
19027116
107867162
166663563
15876654
42584178
105223
18184416
6830712
14524297
232676888
20466609
24644909
18324005
16542981
16979946
12730882
18957239
49086693
36964520
23516324
16151653
237985689
243874674
301863759
548020172
191750596
16065736
40297195
50740810
76512809
18708568
30451960
21071513
234082615
92319025
211933541
120182604
210072500
22644063
62557485
22981846
16871637
8888672
18913179
177564924
76831143
6666312
17511527
5309462
17230018
20152310
282348945
325583724
5938412
740983
16332223
98731745
230484387
272652543
114607362
138618802
114476572
141713916
152065057
97088346
16983297
484299228
193483797
13555802
15335123
280049106
380503334
232907264
107790914
220712849
124866710
20448733
20281602
206101355
82140652
71273003
17597716
25869468
40703164
19927627
9340912
1511081
26011572
16543012
22851036
14173652
21201598
144218227
16018285
195305346
48903480
372084834
23066251
330552752
325911794
17133445
15231413
188046098
18174804
29480700
48377518
45296039
18955413
505372527
227454804
85349324
20611853
14364626
39904933
148032978
420456892
38346612
62601901
86938734
16434105
43105737
32676724
47897905
20531146
14363353
122194011
147590684
66331720
92181077
17176990
430703073
213829863
17215276
428428152
150766782
772844
47846099
56184156
23994280
14246892
25203129
25512981
499900026
404688845
16966381
18925386
17819033
300519766
20291791
31572616
197310509
64122735
3496641
19186071
67060417
219419701
6804822
19647125
63254895
23991440
17234024
310424126
194939391
260769396
321029545
341756256
332353057
374337374
231444167
433789613
181299506
115222629
219069031
14102076
58025433
14426487
11587712
177081090
177372465
111777598
171883639
14946893
177471917
14628172
46254908
15433739
19103586
313703817
81093
20240002
61040299
14539153
255790981
472390921
388692278
40645624
29374886
266182056
46754170
14955620
27003337
17066312
17560195
117237387
198567769
34980364
54546430
17451742
76936279
97465432
160779918
302768530
209735408
212247905
205009543
178805277
446010132
419160168
10647432
804261
693803
267425413
292290229
204690606
220988078
228881320
183545030
262809669
468931020
221338479
221731648
358387093
27853708
19670772
38699900
18220380
17006579
10292772
117802300
16898856
242202585
14087328
9705432
28267054
21145433
16560623
43822174
15639558
9359222
19251068
17207272
14751849
14005532
69027629
255761021
177336885
84505452
15944708
152820428
66029528
13369452
18755970
16871584
25796104
393242944
327851931
394475305
179743459
63233369
135704870
98821255
79119341
7852172
388118957
333815274
219723179
42576711
25488031
132089187
30369538
44475539
17467682
70736039
59947068
1294231
46957051
16378486
145724592
68801460
22587869
19554219
22568011
123633259
22369057
31432492
78231411
56891751
17677636
21021166
114829367
21609473
63303106
29977036
268479992
17198373
86823765
17578749
258280763
366849338
16120265
194703864
18364847
13577212
24405149
303482442
256744683
153198631
61522899
208730285
177030011
116829229
209143637
255253245
28929267
28931013
21337712
27163503
14267965
32140588
44561295
42040091
63356332
14217624
14982451
479997925
320939752
16874685
38761811
22652938
20224976
20426515
115743614
19339490
46415678
70160230
8126322
185963016
14710589
14092013
25675498
340685089
459632171
116914779
66431262
27546808
446712660
282743175
259387453
26813101
390356722
390947575
248179455
342421694
242692217
72357328
219806343
115409651
133317553
15947348
81700833
18568431
8881
19793752
6487292
169572927
123417458
122530604
260705759
115192143
282862692
370819399
271662759
96551826
261171156
198732306
363382373
312265900
336269684
73381700
25797592
178874748
94083684
277171542
450952913
84609243
128299973
226228873
234470418
63258863
197548360
272002061
99467249
19087450
21149618
16349559
341260999
330678412
8438932
777925
1692881
23468302
14602130
13166
18179447
42242439
31393
787864
1765921
7478612
14876536
997
13860742
15051601
458655133
383558512
14145296
14187770
104718222
317581133
29009790
25713189
245915466
323602128
25917741
91681244
93959777
21841724
34859464
217930063
343879647
382370111
71851394
109769483
374347717
113714296
157623011
315432213
19409006
38102814
20172221
18640668
24001954
16462661
57650649
29151815
421286008
54325840
267828234
272170644
333151960
149217510
65111341
15515673
10886522
15745674
78419512
15535730
78784199
5744702
14525652
31263739
223581250
92226678
120428242
15254423
24910422
371107639
313846689
46346085
18591927
282704372
236698395
49105052
6080022
191504048
24332709
20076561
22676390
17169320
65412757
16060481
116308543
51835387
35067687
61525167
14306568
15383
14386631
20293613
13700542
7373292
60741908
45036374
19890521
20452435
15656040
6016062
66836254
15810356
293392015
341603426
309135583
359791673
5654722
21672825
5033381
58238234
160522286
21540725
188025840
125502730
509143497
368527647
15422847
150086351
167063925
42926101
33051040
19407585
35761106
347732165
16088814
14539464
199796510
281530541
217742175
199846203
375407274
276551208
46671605
365843255
118205135
23260786
45772968
112004687
472442403
16201775
19995834
21689936
134889262
21093865
60108571
60178856
821142
38124754
356300701
397495448
14222536
77941263
265802800
387928178
165411431
556167733
52285847
13108932
15582769
190233732
18946688
52934175
554003471
464435768
379644023
343051634
320140485
512638904
466121896
394239302
360268721
351641666
319625617
321096972
284681556
524620711
395472453
50042330
397322647
349741737
300012435
398462787
184426481
124079873
427603063
8002822
15149791
16384688
309237384
336586492
19412541
27935501
354569107
16631253
360169494
25453503
62804806
41598554
15411162
17124747
15419796
14935647
27073265
326755929
282388693
237315244
58528137
407977463
29993099
335641572
290871738
210254309
68604037
306005773
158558510
326371495
265781635
208891656
283193474
32530227
35502708
414415556
53296515
463194918
14238569
7594982
8119302
35986710
17821932
7797552
13171472
2009991
414569910
89898430
19003050
403473415
81789092
19534433
206621725
35233873
25577351
227126986
380196467
357741061
88130019
508226086
46140684
325670642
65936054
218764303
191601056
24166711
37931906
24574626
37229840
325799091
480113860
333881828
405122243
343913571
384452872
118135933
429289159
254123924
187722919
346880024
176939238
50054844
119171551
411011857
302643429
181710644
368699121
375214274
200959768
38901224
6427892
398994309
23853807
48398960
84368747
172887151
33390855
26038292
17001189
27567775
35972874
90203412
210428550
119798626
15471060
33830368
68316611
17501358
16397686
133404204
15453752
20012454
337537112
337802792
283388768
82522075
166226911
88692036
195171695
29134751
93659369
70122463
45231082
41582548
182414019
151959257
283602905
231004001
246023376
133756497
106061616
353665909
21993337
18991464
19685455
44616049
68898458
52830048
30027101
19720220
20212580
15053372
34742074
15743810
15170346
78408666
15327996
22708540
34778564
96585601
26054442
15036041
135397331
529041333
260281892
355637036
54514600
261074207
183502719
307652781
122111980
555521357
37605913
345930964
47005906
146768204
29368258
21434769
71553401
53751973
18562064
18740669
261227209
380663874
322358312
72323229
139084494
61235410
45047314
66004143
63372660
38676123
33940400
64241129
97115053
78311082
215394089
152511987
73762766
97552857
104572249
41384205
24875696
151145458
18734884
44191022
19238008
32824804
75708763
9604032
276124559
243614856
230396531
54243949
5244591
40321134
30495007
459491802
18886900
9179362
25136067
45516390
16434221
34484725
358083488
370762041
339503567
314550074
33449028
276322412
8056522
21224587
49210949
322171570
248748948
117359940
15431344
18594420
37508790
26438384
21981231
42588508
28071884
66515918
28433775
435255730
29089122
16448588
355009696
457400706
50738078
135187349
267318068
249188812
18393753
96174685
13871102
21907788
15223433
14770116
10285082
105595534
25838635
135385447
80483595
176425989
203942956
114833239
50449246
20175675
16643805
18177126
64442789
139713345
195887204
38268441
14592925
15938093
790036
59554328
149685699
76016329
150978009
156280168
18991187
72820359
20045134
21856144
27834517
182384867
41590595
200969056
22813738
25069628
26811248
90118996
28280650
64611446
35490641
238431491
244441120
307357248
305423837
19401487
160302244
381048540
190399951
368801039
20189970
279251969
184391654
755603
199032495
321592490
308911400
256633393
13857762
278697037
281234028
10854812
405954273
35777926
55309264
66190348
43180035
41870991
25689832
66661590
70458047
58356127
51828073
91884854
66409671
242362681
14506505
14048809
21434444
19866631
202500496
7762622
9273052
12724562
22557877
583883
14513100
636893
8004452
73113170
276686889
357524793
68721382
168009636
19283723
18919936
31767699
58914651
43872362
42092597
1150571
10886182
17561785
29069574
14532236
19579267
150398297
18751439
121338495
430181870
32353559
25791289
21283935
148791188
86194532
62098714
31188700
317652921
43601041
267923399
306604708
298402374
254400424
256872653
20187852
305646642
330143622
81978740
356642631
233107833
295465484
73390436
23626899
109356584
223840932
268035072
38708614
229249830
238721415
25285450
13141852
26636349
136079475
162775226
15070712
204691142
20013151
150505377
90205951
84208385
22665024
289459291
498440463
422268021
18089608
36644925
51239075
372559100
20195073
227486711
45319754
26200403
16108210
87571114
26364322
34431320
16549787
24232984
64304897
87060964
17007560
32893652
129716643
29592491
45040038
16968632
18646199
31531849
14610206
17964866
59369137
355275030
152515045
34310801
15909010
26077026
11856422
28444033
97540798
44909928
95097958
184907407
5388852
14835652
53025463
52238172
46947488
264124770
390189904
74697858
182136530
351514707
14088064
96432821
429081965
61353269
25594518
26445140
41238485
15439882
150774780
378703574
52091660
172742915
150367583
346840644
178726318
26681152
111411572
260523318
72665816
18045966
37963098
53420694
798556
53194854
68526677
252703381
16125588
162310738
40964378
56535506
20163916
162204428
351073900
15097566
33173260
58642515
15426099
217416589
80088141
24400628
18060163
14414452
19382500
189592841
49064411
25842688
28349128
41896109
20641338
20408795
22272053
92614042
151753441
90778418
93004355
49666871
45638067
17905977
20928893
412582295
48564118
55101908
117177384
311989458
87165980
14072931
21417687
19817778
323351607
20662802
123051486
180416124
246578847
18274748
462310261
29994187
109342607
78758706
14858086
88827363
54279612
26519172
140741639
202186639
288932529
423992563
489281307
20039736
33140178
178513073
367681328
157461057
59409306
160657479
45696104
131305826
24588389
234625696
269541156
95075291
25238486
129895131
26514376
126506556
25284019
31317590
46503181
199415817
157180599
21916557
79609940
471692812
443127182
146598249
12798922
18952429
24389233
183502710
131728473
365249846
136278069
221859696
20474740
14060667
24730013
50426510
55532048
2976831
99291085
87356124
17891116
19740681
16956955
14427975
90984237
23992692
800437
65508777
360210288
44186632
2565
12798452
8091602
814306
1527091
15757690
42096654
68762038
11334
149622343
25000290
31569479
114738427
557143602
23021979
280747281
228786825
27335801
47689027
271495538
290216175
263514193
233687955
285571521
270767794
248967064
165675053
19509652
224272024
27585831
74294087
248932073
39753512
236749048
162385517
26453558
292767542
58985584
5704862
14296723
8108052
16350866
793351
147324465
441328248
194354261
50887421
64418022
23696980
21068395
38967935
81656691
18253799
15468275
28363255
19362061
29533547
47481061
19613618
22523624
63827110
15584851
130877595
35613013
14995210
14319981
15062340
64011951
115520085
289042697
20383419
165842017
12695752
217488200
73050189
21212730
25143948
15147397
78925893
18361967
25810548
16214045
14362575
24973996
14955344
30572722
36757972
102300277
86120067
15290966
15180686
101775511
6258042
405482317
373422039
19404587
58396487
19698923
64656259
193929442
259378270
167150593
263576813
110117428
50339952
485924782
43042986
78815877
413359972
18487428
39522848
19215993
46170816
314227065
16729099
15599371
18772408
154291841
15195150
21316848
157818542
18523512
291767815
218355549
51575022
208759600
75974281
393852070
196500142
94569164
14109475
129978583
21533722
15132110
64474358
104126903
647633
278776000
221921187
263224927
86630861
47240171
16490974
86300007
353934486
181753489
18104476
19497677
21255194
170906002
231545675
66491235
52310798
67119770
193291779
17946886
276348332
230498574
19956523
20970926
39488895
100614511
39614123
33456706
85114893
25382450
41026098
227863795
24249821
351133275
16224299
323520663
7078732
50063127
14291563
54631530
219065620
180450786
126062877
16736650
40895426
258576165
177229224
119446730
269805726
231007190
339859282
87229901
210098167
153852656
173343647
647223
30060242
17398347
4542801
15166543
4393381
103421652
26376975
14249811
54795290
9423662
17960638
77712736
12538472
52556532
39164896
1277041
43328989
14291326
9570302
13831522
19753864
14565861
127782922
1399231
524463
20421603
14824385
22832029
53717630
394460725
72555359
16060735
309206712
16193542
13083622
14521981
22448729
51951241
128957132
32102005
44962272
32695475
56834816
21721401
99686909
44465753
7777932
85985832
33873372
18034357
1315011
1133971
7531832
12661
38353
137187477
8254982
8320432
30108503
85897690
85977550
77581855
17625522
76968686
61903300
23800611
39299241
88936426
18345963
37396276
32175870
15677650
123160974
21162492
128320890
24550707
19178857
103541806
76702882
23145471
107236336
41435895
57026351
6291872
233356779
18770310
188586381
65147931
42135344
20194941
7697472
17417121
18174186
31015514
28187573
49053258
68845466
73434013
172524209
182481395
72420530
147679058
310651459
201499968
249361546
65693114
111103485
82159002
172464017
162420686
247002646
58033175
197154656
171318249
97463613
131364612
72410358
14531164
19962737
27062951
206063829
265021248
22707147
223959754
93707337
109758140
126088259
16602180
35246396
27796499
20976154
17284200
20997349
63228090
20984259
353824303
40306315
761290
86563606
2317921
27512794
39825297
34556109
27721192
22722452
14966677
26535027
21149003
232033170
156984830
27521114
212155430
10333972
285198742
96208310
6164682
19371099
15145547
90071403
104002640
87779500
14063605
68174078
14775425
54188979
132809440
89026066
16312316
21458147
21174708
9822052
10051022
54467758
83450402
34479708
93579404
278746956
15880884
26865509
149426168
79613352
28318908
22684480
226165839
54499639
17628437
253973
765694
11415842
14964767
126427420
250408941
373622208
221402863
126510360
252659822
215051592
113766686
35388869
266040555
33724407
145356475
38313584
156652502
50009606
36441704
470640651
217511904
192396145
14102913
22323452
38684785
34722951
91211615
46122746
41839767
15923226
7402662
43334545
