172883064 92 117
151338729 136 156
270449528 172 175
254839786 165 163
265077741 24 6
204317520 148 152
288485704 55 26
8163442 11 36
257236842 27 29
261447035 3 26
229425177 49 34
149538028 103 122
115221382 25 10
349413327 1 0
112939321 103 107
152388029 26 8
200559228 33 27
292598082 19 20
260769396 11 8
14925700 0 39
226165839 4 4
324201646 2 1
792998 1 1
2705 1 1
230505689 1 3
61065794 6 7
226516599 7 4
102364313 3 3
164422299 5 3
181288376 5 6
171704225 0 1
147946019 1 1
48504743 0 1
112819301 4 4
240944206 3 2
16663695 1 0
47799910 3 8
40791597 2 2
16038438 23 8
405323682 5 8
333709376 7 4
20747847 40 70
40340464 10 4
21158690 26 66
18709570 44 39
31067157 34 22
16908436 16 20
7861312 74 352
179278975 15 13
16956955 25 19
290656947 12 3
324546502 8 5
21507738 3 0
104585489 7 19
106061616 9 4
1435461 12 29
277889424 1 2
560452336 0 4
65360193 0 6
268479669 12 15
16264063 7 9
207936757 12 26
17176990 2 1
175624200 1 35
18142375 15 15
1294741 19 18
21697211 2 1
37883682 2 1
865561 1 0
6194262 2 1
18498684 0 38
6277512 1 1
1269251 3 2
6745742 2 2
9817642 1 0
19649303 4 1
44114848 2 1
27531390 7 21
24866186 1 1
115965772 6 4
53477757 1 0
213969309 0 2
382823424 2 12
155976326 55 67
417622555 8 14
522817585 2 0
233909647 4 2
292970754 3 4
146867687 4 2
61598133 24 13
286012612 24 50
88971791 14 11
34684258 2 1
18713254 56 126
452342492 3 1
17564647 23 18
77888423 0 23
157218534 13 21
50901147 15 2
307206030 7 3
238308325 19 17
290097288 34 106
422253889 9 8
99066209 3 5
100383683 3 6
116379446 2 2
21982720 5 15
14129299 6 4
17780580 2 1
16637198 1 1
813286 158 319
467171076 2 0
17567533 25 18
21122950 3 2
52488565 0 4
15859033 4 3
34868965 0 2
38762773 2 2
20479813 9 6
291670881 3 1
20060293 55 83
18194898 46 55
172768360 3 2
23027237 22 41
14630319 23 13
407977463 6 22
75974281 4 5
37792861 10 5
22027186 0 100
14998938 1 1
88617158 2 4
16252002 7 9
10886182 4 7
182157590 1 0
84466455 0 1
251261925 9 9
444895340 1 1
360245938 15 13
46750053 2 2
67348022 1 1
69641958 1 1
9917552 3 4
15515919 0 2
20177423 4 8
19399719 3 0
14288822 2 1
158895928 1 0
36451558 2 1
17469289 2 11
33644693 2 0
28357463 1 1
62418341 1 0
22412950 0 19
19289396 1 0
108507561 1 0
42634830 1 1
18742076 3 2
248319608 2 0
27702153 0 1
19942178 0 1
31268403 3 4
56026822 2 2
26511852 4 3
55631487 3 2
145472611 1 1
18177126 14 7
17225211 0 4
63858347 0 1
16618332 0 2
13058232 3 54
17874544 3 10
18953266 1 3
146598800 1 2
175087260 1 2
247565758 2 2
26597332 1 2
2904691 1 2
39819394 1 1
231770594 2 1
53282345 0 2
14372486 12 48
14427372 1 6
203783262 4 3
25473689 47 74
28960709 36 39
132834166 16 14
373123978 16 7
22273748 17 26
22879012 1 1
23140494 19 58
127178017 16 23
282447785 29 18
18361967 3 4
474589602 8 10
70600914 11 13
35701370 4 3
15249238 1 1
17595759 1 1
14818936 2 0
18285245 5 17
23672517 1 0
170424259 0 4
14269220 109 98
263723790 1 2
305512397 1 1
15773675 9 15
6368672 6 15
48717817 1 0
61040299 31 71
16436515 1 0
147387316 0 7
3293391 1 0
24673002 2 13
30942099 0 5
15577905 2 5
19010126 15 16
59804598 214 186
29659999 3 0
2459371 1 5
35407584 37 53
127437545 7 8
14917050 19 8
15849055 47 21
250906649 5 2
17702627 21 5
258531716 1 0
38939069 9 7
10588432 0 6
307629880 1 2
16563089 2 2
252712327 2 1
114284224 4 5
16693627 0 1
47161442 112 92
185790431 1 0
35831704 7 7
28209292 0 3
172085164 2 3
362888622 1 2
24278900 3 4
200384703 6 0
17174309 6 6
287877238 1 0
49997792 7 4
28408485 0 1
23272358 6 6
16186743 13 9
28120317 2 5
24233316 7 5
58113278 5 5
20801235 4 5
18739697 2 2
71599012 2 1
50339952 1 8
33940986 1 2
12892332 2 0
14135993 0 2
15435220 25 31
12419022 2 1
114596637 1 1
9555912 0 1
6037682 2 1
9531232 1 1
11283392 0 1
258842651 6 0
300027658 4 2
17632072 40 12
229706893 2 2
38492717 22 5
93792044 0 4
17986155 4 1
405954273 4 3
26281970 0 184
84421229 26 38
16660064 7 39
19622462 19 18
124524869 29 14
24560836 15 35
14609321 25 24
267152817 2 0
25421732 10 10
19014804 8 2
139124659 0 1
14220046 10 22
15311166 5 7
188962593 5 3
101008987 1 5
25954266 1 0
15928598 1 1
15811181 2 0
12223 7 40
87520051 0 29
188046098 37 3
119897041 23 50
107172099 19 31
39832918 11 1
86977818 1 2
516982665 3 1
275710913 0 13
180419242 0 26
23146711 0 4
14208982 35 16
19469924 7 3
114340234 8 4
18148907 5 9
6374602 27 23
32520177 2 3
14355964 6 3
46319532 8 17
18294289 2 0
89130924 1 0
21556071 0 58
17145453 1 0
20611320 4 10
42828152 3 3
16224299 17 2
19550535 21 31
26785207 5 5
18822863 0 8
283612037 1 0
35722372 116 105
113751683 39 18
19563357 30 31
276905731 3 2
15888142 6 27
64612136 0 1
71827867 6 7
167112946 17 21
365103804 1 2
73745407 1 2
354717831 2 3
27970832 11 20
16213013 7 11
200214366 67 67
15094659 6 5
36750478 9 6
19364964 2 5
7458942 5 6
16045268 3 2
17899109 2 20
21685295 5 3
123565032 6 5
26299078 8 5
13784532 3 3
466979336 0 1
65289126 16 31
58308162 2 2
21642976 8 5
19526770 27 15
11696732 8 11
40708033 2 3
22460658 6 3
39360648 0 3
18124625 2 2
57615171 2 2
17483462 8 6
57946702 1 0
15432028 0 1
117252513 1 1
51166558 0 3
204424857 1 1
255709259 6 3
19564171 1 1
21024748 0 17
22396371 7 3
28617554 5 4
80700514 2 10
24831437 7 1
18682397 7 4
130339829 1 1
23827692 9 9
240926153 4 2
25254052 4 3
481512517 1 1
23800248 4 9
74011176 1 0
87874905 2 11
186914308 2 0
433873546 2 5
451883233 2 0
312838711 1 0
372593743 1 0
425557586 1 0
21595505 1 0
108993961 3 4
16831715 19 15
187197078 1 1
8346982 6 3
13196662 2 2
22662672 0 2
17554569 3 0
14550264 2 6
13455472 2 2
14502775 4 4
5606492 4 2
13761042 2 2
14341671 1 2
194703864 6 8
86970580 2 1
14800270 0 3
177593483 2 1
28539301 5 4
20495756 28 22
32893652 3 1
37878753 8 17
14783304 22 20
41476892 3 5
15993038 19 16
466830475 4 4
55488516 3 4
311214131 5 4
121063287 9 3
28208387 0 4
151360659 3 8
201484477 3 0
15648827 0 2
183634344 0 1
161106955 0 1
101661580 1 0
7738402 19 35
12591 16 19
32460344 2 2
16633144 1 1
656673 13 21
14474785 3 1
110815031 1 1
7552082 4 2
60591163 4 2
17648193 8 10
7826472 3 2
168453874 5 1
2060631 9 5
7400342 12 11
44004358 4 2
755346 2 0
308551554 0 2
15677204 4 0
52934175 4 4
52832085 17 18
40813518 24 12
195934431 16 18
46553113 6 8
57903424 4 14
59872379 1 1
5452672 16 19
130155510 10 7
18803775 6 6
173282921 7 5
25276905 13 12
21651598 6 7
16793368 6 8
59836995 10 8
14152810 4 8
128528922 2 2
21436558 9 8
104548229 9 8
16005730 1 1
287316875 0 1
23497893 2 4
15271655 2 2
64503060 3 1
54795290 7 11
36385076 14 18
21357711 1 0
31037985 13 60
20130926 2 0
87416722 0 4
14224719 9 25
19982092 1 13
176930274 2 0
51075903 1 0
20050520 2 1
23217907 4 1
27155383 2 1
248163660 2 0
19337423 0 3
278103138 1 0
74735145 1 0
20011697 2 0
151505240 15 19
309754474 6 5
161966800 1 1
166747718 1 3
306265180 4 8
121295290 3 3
278109079 3 2
22317432 1 1
102794589 2 1
109769483 2 3
328726293 3 1
53717630 1 2
27476898 1 1
14230317 1 0
5391882 13 11
14747507 8 7
21315721 10 16
16987303 24 2
16974572 1 1
20596035 1 1
16129920 9 54
213032194 6 6
77806232 5 5
87044829 20 18
295759517 1 1
219173613 2 2
27853622 1 1
27972426 2 2
250708662 9 9
141021153 64 71
140487396 1 1
171374806 1 1
129314858 1 0
28229899 5 2
13165 4 7
13612732 8 6
20463300 3 6
22745706 16 13
147386402 5 4
14327760 3 3
14283433 9 8
30153287 4 2
93927917 1 1
23278844 0 1
16434221 4 2
258953546 3 0
18141016 11 10
16650023 12 10
46167548 5 8
19738459 2 2
18309277 2 2
312285643 4 6
11856762 13 13
348278208 15 11
14747960 1 0
20298371 0 1
23404483 4 3
127294902 5 0
81501774 3 7
14050213 6 3
15805171 1 7
39693835 5 3
14252603 0 6
16365403 6 6
14183551 8 6
42900952 10 3
18638460 7 4
9313022 5 11
7852172 18 17
225491959 2 0
14108564 0 2
213350034 7 11
42977712 21 40
35206553 19 29
434486604 0 1
19738805 7 14
50890438 2 0
1891381 26 6
16522244 60 66
123153760 2 2
17995419 4 2
312860399 0 2
56493501 15 16
14335262 17 14
18586606 1 0
34163 6 16
12555 14 15
11231232 5 4
823129 7 3
88996186 1 1
134935099 1 1
14467403 3 2
65114531 1 1
4047941 2 0
666073 9 13
2223571 1 1
13931982 1 1
48438876 0 1
23462787 1 0
199796510 6 1
54546430 5 14
174170923 2 0
44705716 0 6
281530541 3 1
222040026 1 1
19579205 1 1
525952691 1 1
523173553 2 1
25389372 0 1
47 3 1
14 2 1
16353769 1 0
14838800 0 1
6160742 2 4
14367669 3 0
586 17 22
13652832 1 0
6331462 4 3
15109716 1 0
5813712 1 1
18498878 1 0
183836186 0 1
14904282 1 0
13334762 0 10
17587207 19 26
111164068 94 100
100649666 27 39
38214426 16 14
223581250 22 5
95332892 6 10
34117454 3 0
72753148 5 1
85013332 0 1
39141427 5 5
92978326 1 0
18591927 39 18
26519172 8 16
24357921 2 1
38782424 1 1
173343647 2 1
84137114 1 1
128546554 0 1
47293 1 0
21232967 0 2
14738232 1 0
47723728 1 3
23477141 4 1
34082952 1 1
15428227 2 2
85479002 0 1
51241574 0 8
112755399 1 0
8493562 1 0
41188718 0 1
2729061 15 29
17595439 8 12
16892481 10 6
11107172 9 14
7842902 1 1
20465564 12 7
79676954 3 2
43065900 0 6
17092592 88 91
78034746 6 6
108931405 4 2
423385493 4 2
19676802 11 7
335343438 2 2
113804010 1 1
26880929 1 2
22120066 1 2
27870530 3 5
520178560 1 1
18100254 0 2
15160273 51 36
278598746 0 8
185512077 37 16
76771932 3 3
7875762 51 43
56955361 3 1
28856770 2 2
15384864 3 0
15788309 3 2
19370213 29 19
24232984 2 1
195316132 2 1
191229219 2 1
234914530 2 1
71671576 13 16
18824222 2 0
11826672 2 0
15775214 3 1
132951208 0 1
33720339 1 1
36444947 7 14
18201114 7 4
27782753 0 1
345949016 0 1
155115613 1 1
271662759 34 22
312265900 1 5
73381700 52 94
113186652 2 0
13473852 6 4
14372143 0 16
6743 1 1
14093238 1 0
256651717 14 9
183786731 36 33
366795440 14 15
68503464 33 17
513798809 2 0
52025380 20 11
90733824 1 4
347376996 4 11
148727717 11 1
524605453 3 6
66848856 0 1
386064033 31 29
137527834 8 12
489181359 0 2
283147505 1 11
176302452 10 14
338054017 3 5
389820347 8 2
13104722 6 8
15468834 0 5
529041333 6 2
15923093 1 2
156280345 2 1
31524543 28 22
53391112 1 2
95212360 0 2
129443148 1 0
33390855 1 4
257484939 1 1
30545307 1 0
17660341 3 1
81952694 1 3
16017251 2 3
19733653 2 1
80650549 1 1
386161471 3 2
210903999 0 1
86597957 6 2
767396 27 11
14413075 17 62
917321 10 2
211329226 1 0
14618863 1 1
82532813 3 2
25095468 1 0
1885511 5 2
14964767 1 14
761290 8 22
14780493 1 0
26487169 6 1
42472972 0 2
25376735 1 2
78408666 11 11
113420831 5 41
169610198 3 0
3108351 0 13
16364399 4 4
14335880 4 4
191613738 5 1
57507026 1 0
43919633 2 2
507731256 3 1
32547856 39 21
70736917 10 12
20290583 0 6
26674923 3 3
245683115 1 1
246036834 1 1
16001975 1 1
820633 3 1
7744882 6 0
30027101 4 1
12640502 0 1
18270268 1 1
17959695 12 5
15222719 1 1
14596798 7 13
66263785 0 6
14816939 2 0
10051022 5 2
14223829 0 8
14749755 1 1
17913814 4 3
13276422 11 2
4664501 5 8
14214977 2 0
6810832 1 2
14503 7 7
14257869 4 1
3339331 2 0
16866701 7 6
12512 1 0
392197972 6 1
487698090 4 1
460302787 1 1
44494857 1 0
321045403 5 12
29143283 2 1
39600392 1 18
34712510 0 1
541259303 1 0
115751705 3 1
55873816 9 5
531838038 0 3
17587331 41 50
64069241 24 33
18698454 34 40
21415375 63 66
14443028 48 62
41530500 8 10
14766418 23 32
16747818 4 0
8875752 17 3
42923074 14 4
19523675 3 1
2109381 12 31
15933993 7 5
16586811 11 9
54071173 3 0
162775226 9 5
271176554 1 2
108792399 0 1
55738917 1 0
40306315 2 2
22575703 2 0
6370862 4 3
14521530 5 4
8708012 2 1
19092024 5 2
16562949 1 2
40349308 2 1
16593613 1 0
67213875 0 1
19624836 1 1
22575398 1 1
15955826 0 1
19708600 1 0
16489432 0 2
9771562 2 2
42637650 1 1
18628801 4 3
38145245 1 0
15402847 0 1
19766673 1 1
225067850 1 0
180302615 0 1
14458660 23 14
14892073 4 5
15869453 18 7
197545021 0 1
23095315 5 4
18479089 1 2
2891131 2 3
5388222 2 2
8162312 2 4
20941681 1 5
4733771 2 4
462357211 4 3
26358639 2 0
9406452 10 9
91718540 7 4
6598572 9 8
17903702 3 3
22939740 0 1
13607 8 8
16003349 1 1
14089595 3 3
86485333 2 0
22058007 0 2
13860742 9 2
13370272 2 2
6981492 2 5
6223132 1 1
222886633 0 1
58396487 1 4
204422008 3 0
5765442 0 1
7078212 0 1
114284807 0 1
21273459 1 0
14120151 9 13
21908150 1 1
46477415 1 1
14413506 1 0
15300227 1 0
80468801 1 0
62886136 1 1
16274879 1 1
49517278 1 0
14412888 1 0
15081306 5 2
1963821 3 3
15319120 1 0
14985228 12 7
15811487 6 2
116647098 1 0
19210139 4 5
14226805 7 2
14499127 1 1
7319512 1 2
15209980 1 0
107129460 1 1
181421220 1 1
23904110 1 2
14499168 1 1
25738602 2 0
58626100 0 2
297527427 1 0
410469035 1 1
15976255 1 1
21414413 6 14
13397502 1 1
17022234 1 1
13560922 1 0
23547436 0 1
15941338 2 0
21249567 0 2
18904121 1 1
23346663 1 1
16246065 2 1
14369901 1 4
195777968 1 1
12739092 2 1
144494655 1 0
56705653 0 1
22230044 2 0
17740231 3 2
29403586 2 1
19608297 9 6
21314814 6 3
97119524 1 0
20039889 4 2
81575608 1 1
381429945 0 1
123937751 1 1
365928619 1 0
82208992 12 7
88957553 16 11
16517711 1 6
14980820 3 5
222959095 4 0
14677998 2 4
17117000 2 0
18778944 2 1
2269701 3 1
18425886 0 2
835871 2 4
3094401 2 4
14502745 2 1
14091113 1 0
368699637 1 0
66619464 0 1
14801863 8 9
879521 5 4
817288 24 12
36823 22 41
817268 38 22
19267390 0 3
526316060 0 10
14132461 1 1
11041 3 2
620863 5 0
15903746 5 7
687613 1 0
14724347 2 1
15267087 1 0
160817572 0 53
21682707 2 2
377796934 3 0
300540758 0 1
7566522 2 1
16065072 0 1
19118802 4 4
209662233 5 2
27458721 0 3
43011256 3 1
552110505 2 0
19216679 2 1
156458599 1 0
79291414 5 4
5423502 42 14
139531245 7 8
21173505 8 5
248929163 9 6
21446776 0 1
21433097 0 3
34350246 0 1
29088049 3 3
83423381 4 2
17358260 2 1
284136905 2 1
15917485 0 1
15737386 1 1
16428359 0 3
142977623 1 1
164087020 1 2
48132194 1 1
16303393 1 2
27163503 4 2
97540798 1 3
15491994 1 0
15905088 1 1
14813657 1 0
15861559 20 30
104489671 7 3
15135874 2 1
5576542 10 16
55633458 3 1
32340023 2 8
85348253 1 1
32462148 2 4
50706100 2 1
897351 1 2
21116178 1 2
28299971 5 2
156406287 1 5
82298196 2 1
30418870 4 6
157504724 1 3
193073314 1 2
68604037 4 8
28375496 1 3
61866244 1 1
42902605 0 5
12954862 2 1
74134553 1 2
21451849 2 1
20209459 8 7
27733550 3 1
18399652 3 2
467909899 2 1
397676952 0 1
31601961 0 1
12412572 1 1
17008726 4 2
160245898 1 0
15829144 4 8
5758642 5 7
17001524 10 6
17026041 10 5
39434755 3 3
15222806 6 9
16955436 2 9
1769551 10 7
17002395 0 6
17023344 9 7
15174477 2 11
308313264 3 1
128161946 1 1
140741639 3 10
117292837 1 1
260867219 1 1
70820129 1 1
159219605 2 2
158961178 1 2
34244280 10 7
42993311 2 2
19549883 6 3
18010854 1 1
67045624 0 4
15987971 2 2
15368404 22 5
25928253 3 2
18170896 0 21
67020298 1 2
17368405 2 1
10505322 6 7
58025433 15 5
343797833 27 17
2806761 37 29
14102913 4 5
87211271 0 2
87325035 1 0
15158217 0 3
37745819 1 1
30368213 0 3
44201943 1 0
24530820 2 0
15759192 1 0
18270938 1 0
208448943 1 0
33519870 9 11
389486164 10 9
506342927 10 11
45690012 33 8
324660438 15 10
40733774 1 1
15977848 14 5
162770758 5 3
91858645 0 1
120892393 22 25
55090226 1 1
292029321 2 2
67487321 2 3
186631937 1 1
156440716 1 0
414569910 7 4
22092117 1 1
15840846 1 2
18734884 2 11
37138014 2 0
47490207 0 2
22320889 4 4
111728171 0 1
16102927 3 0
15140284 3 5
15140362 3 4
23389509 5 2
22196442 4 2
151967930 3 0
16935292 5 3
93816184 23 25
113975798 10 10
5971382 0 1
121568833 2 0
27042513 0 5
14404449 1 1
140925207 1 4
51352792 3 2
17843533 26 22
129450434 0 1
183321820 0 1
15381612 1 1
19886160 3 0
1048651 3 2
3228691 4 1
14736168 3 4
27718312 2 1
33572600 7 1
13493302 1 2
7613282 4 2
5271931 0 2
17276183 2 0
90941969 1 0
39264421 1 0
63061469 4 1
22104535 9 4
15435471 4 0
24604813 8 4
33031116 2 0
413468104 0 2
126030998 2 2
27958687 3 5
33288294 2 1
8861752 2 3
281257435 2 1
38764415 1 1
21131904 1 1
30064387 2 1
117305383 0 1
24617214 2 1
384664689 1 0
376787654 0 1
191654691 1 0
125653548 0 1
50325797 3 6
115710058 5 3
80617430 8 5
22685638 6 3
149180925 2 2
266187076 4 5
15731368 4 9
48354754 0 2
17060769 1 2
75246510 8 28
15816424 4 7
39394932 30 29
6351922 2 0
647633 1 2
17637553 10 18
17638336 9 17
20005551 0 3
222539176 1 0
16072024 1 1
14207200 2 1
14933478 2 3
17461932 1 1
19006934 3 0
10876852 1 8
15382307 3 2
20291791 87 103
15395087 4 2
341315592 14 2
17869922 1 1
14711172 5 1
17791350 3 4
3496641 31 34
15001424 7 5
21065280 2 3
11587712 3 11
277295851 1 2
193257525 11 4
60194854 1 0
15032882 1 1
15144028 0 1
14222536 1 5
15070082 1 1
14371835 0 1
551124967 1 0
24163983 1 1
22593902 1 1
97127015 1 1
14319981 5 2
36765490 30 6
14485423 9 1
269247938 1 1
15318271 2 2
87693728 2 0
11232892 13 3
21517540 0 3
22127500 1 1
14794851 43 5
54695584 16 0
378171907 0 11
442498038 0 2
36756075 1 2
17525171 3 5
8262112 1 0
78670429 3 0
7885972 1 3
15386988 0 1
1995371 1 1
121142586 1 0
20893002 1 0
26785608 1 0
15181199 1 2
84692450 2 2
38741006 1 1
27268937 2 1
634163 1 2
23674449 0 1
21999591 1 0
407403 1 0
287859665 10 6
213093237 3 2
41384205 2 13
35106619 3 2
105538252 2 1
193956929 12 3
196421725 1 1
377645199 2 1
246486755 2 2
346308376 1 1
482532023 1 1
14268793 1 0
14826124 2 1
3609021 1 1
18324686 1 0
22343864 1 0
14873835 2 2
14861784 1 1
141383571 1 1
185301542 1 1
26411479 1 1
15887110 5 6
4921861 9 11
16871637 27 25
258218804 27 17
61293513 7 2
18799041 9 6
92034937 3 2
459412561 2 3
93006320 23 13
19156507 3 0
8951502 3 2
987681 2 2
14835889 1 1
10273252 10 6
23694473 1 3
237056755 1 1
153457964 4 16
16069548 58 38
19564013 1 0
192168640 2 0
190913931 1 0
316832383 7 4
26813101 2 5
227037531 4 2
203226736 7 7
19167293 7 4
21905301 3 3
61588416 1 1
22420134 5 3
435978700 1 2
22138357 2 8
16334139 3 7
15741208 4 2
29057694 1 1
132585908 4 2
171168170 3 1
266580182 3 2
304407399 2 0
13117 0 1
96569103 1 0
21334955 1 0
57325709 0 1
197310509 4 2
172887151 5 8
84368747 1 5
281347318 2 2
521909535 1 1
297683673 3 2
41627038 1 1
208942635 15 31
22075819 5 1
46461196 0 1
28878624 4 2
124023644 0 1
51256216 6 3
29338157 1 2
92283370 3 3
40333354 1 3
15921060 3 4
23899556 2 4
54368387 2 2
104538722 0 1
276394701 1 0
55309264 3 5
243439460 0 14
43929488 5 4
15641259 1 1
18207202 1 1
7592102 0 2
14496538 0 6
42576711 2 20
232818548 18 4
231490657 4 2
79253197 2 2
124839581 1 0
70129085 1 0
447119980 3 2
14217624 5 19
23258851 2 2
49114409 6 5
7832982 5 5
26649958 5 4
4366031 4 2
124526394 1 0
190388973 2 0
146573101 3 1
165821961 1 1
185106915 1 1
43632459 1 0
14416124 0 1
21505330 9 11
35406821 12 20
10759032 1 1
201882918 1 0
16442350 3 0
322906622 2 1
18253799 3 4
297064190 1 2
140477628 1 1
14116195 1 1
15147397 3 8
224915605 1 0
5702 5 10
1084 19 13
1075 2 4
44698296 4 0
14118608 3 3
156797347 2 0
2425151 0 14
817386 0 37
14304642 2 0
285762606 2 3
101204352 71 71
217856118 65 92
160565602 22 9
143169862 28 28
170922633 3 2
166153909 2 2
21068395 1 31
174787160 2 2
86391789 0 4
164686885 42 7
15450986 1 1
19637701 1 1
19162933 24 19
440986997 0 6
26917507 0 1
8254252 6 1
30412010 1 1
27178298 1 1
27909367 1 0
20442476 0 5
11228702 3 3
6456482 17 7
11211792 1 1
11161852 9 11
26572460 8 11
21668309 2 0
14997105 3 0
14134265 1 3
15726728 2 2
387901191 2 0
22657153 0 7
14656647 3 0
245722114 0 1
59469595 1 0
18523512 3 1
383677809 2 1
30085825 1 2
14325926 1 0
180489407 5 4
15679119 13 5
21019826 1 0
75607148 0 2
15252736 27 21
11183772 7 4
133315738 22 13
69661906 3 2
344916112 5 0
30535561 4 2
15181936 1 0
16243471 15 7
86157495 7 10
17418971 2 1
17714569 23 3
14158742 0 1
38018311 0 1
250376643 7 5
58653515 0 1
18541130 2 0
18001974 1 0
22900797 17 9
14451892 4 3
16647553 3 0
8986012 1 0
18838035 4 6
15983991 9 10
388952222 3 3
242480207 2 0
20467333 1 1
46409572 5 2
39506306 7 3
128246454 6 5
7597362 0 3
8383132 0 2
217195997 2 4
14586604 1 1
58479193 2 0
224296503 0 1
64840773 1 2
62501328 2 3
320957207 0 1
16966832 0 1
28624790 3 0
29375321 2 0
5357362 3 0
15567576 10 8
10115042 9 5
1193301 0 1
16617693 3 1
12101862 11 5
17844641 2 0
18962501 2 0
367661207 1 1
23878044 1 1
235766196 15 16
22362068 1 1
4213251 0 1
28056344 1 1
16158496 1 1
50940456 1 1
15141620 1 0
8162032 1 0
276270001 1 0
33029997 0 1
17632320 2 1
24938230 3 2
25784423 5 5
13229902 24 33
20571654 12 9
56044426 6 0
22058101 0 3
32398059 4 3
46740532 0 4
147793150 4 1
92409018 2 3
26065154 1 0
8557 1 0
20590747 0 1
87798068 25 1
8320432 3 5
14323435 0 1
14999606 13 6
13862162 5 5
16651072 9 9
44909928 6 1
16415670 1 1
247521647 3 0
21469948 0 1
29994187 3 3
25249814 0 14
22680926 3 0
28061932 8 11
40168339 1 3
15224719 6 1
104563131 0 1
33601151 1 1
17489445 1 1
78389587 1 1
29311785 1 1
309975022 1 0
18181487 3 1
5906322 32 27
471963 4 3
11253262 4 3
15859039 6 5
839321 3 8
3715 1 1
17239694 5 0
80523 3 2
7089382 0 1
15127258 1 0
8834612 1 1
19471361 1 2
18815604 2 0
7320172 0 1
16471415 4 0
15081902 0 2
18681592 7 3
17870501 2 5
14839415 4 0
14839489 0 4
13274152 22 0
18533036 0 1
58528137 3 15
200606907 2 1
74499126 4 1
121570037 15 12
110760237 15 15
9938852 0 41
147665130 11 15
129631184 11 11
111492860 12 16
15418343 2 1
21224587 3 5
282704498 2 0
143719617 1 0
223604439 1 0
24196674 1 0
7218552 2 1
21655440 0 1
469357690 3 2
22596969 13 16
17821671 7 13
43990153 2 4
175767720 9 8
50316406 0 3
184146952 6 2
84114921 8 4
89826562 24 3
323520663 2 7
114384624 3 1
17332119 1 0
35795904 0 1
14355610 8 6
36471939 4 3
20165052 4 3
46170816 9 1
115749048 0 2
14125800 2 2
15743810 4 3
19006707 13 13
84155547 7 3
14625398 2 2
18038892 0 24
39522848 2 4
17795406 2 2
15812461 0 5
18382692 3 1
24297552 7 3
307044653 3 7
69816513 4 3
467966761 1 2
58129878 5 2
10384112 1 0
325641978 1 2
4267411 1 1
58347421 2 2
394380766 1 1
14711937 2 1
14359507 1 1
20011858 0 1
15383 8 4
10386322 0 1
158558510 6 2
40076725 40 66
450967347 3 0
214139780 2 1
72357609 14 8
190833564 37 29
247583674 4 1
110865804 1 0
57496410 4 6
103129824 1 0
388556323 5 5
122167377 1 1
526216513 1 2
1689591 1 1
22292456 10 20
83451356 1 1
49105052 9 4
88454202 1 1
36419618 1 2
61781462 2 6
71478544 2 1
174273365 1 1
50558352 2 0
144320202 9 17
168231881 5 3
308641060 0 5
163739424 4 8
101370287 8 6
195851893 3 2
1775861 10 9
16249596 7 2
220955782 2 1
36778012 7 1
15346786 5 0
96890549 5 8
27778893 11 7
17908655 3 2
17133173 3 6
173965448 5 5
38056617 5 3
6487292 4 3
25029877 2 0
352001311 1 0
3943871 9 7
17368639 5 4
14401607 3 1
14281853 5 4
6107422 0 3
19963701 4 3
26727655 4 12
20449993 1 0
16600626 2 2
4898501 2 1
246934751 1 0
28876577 1 0
18334064 0 2
35520155 1 0
128688675 8 0
36782237 0 1
42096654 5 5
22721485 2 0
16032577 18 9
84200495 31 31
175633082 20 13
85718756 3 3
536821908 1 1
174768030 9 15
45951258 1 1
50640633 2 3
30086507 19 13
18654764 0 7
37876253 3 9
19089252 20 23
230282119 3 4
353780675 0 9
52205516 1 1
18940128 7 7
86204900 5 5
13559692 6 9
6023362 4 7
10922662 9 10
15962697 3 2
3375481 7 9
33753936 5 9
260275101 5 2
14244465 3 5
14850955 8 2
18006698 1 1
8596022 11 10
56623 6 3
15150828 1 1
9759932 1 2
15671992 1 1
16274712 0 1
15716039 0 1
165908478 2 1
216088014 55 54
327102622 29 30
173468248 3 1
14309129 1 1
1445981 1 1
18342536 1 0
30290325 0 1
15332029 1 1
56278217 1 1
278920924 1 0
243691293 1 0
42890905 0 1
19668592 12 6
20796323 1 3
44946555 2 2
14622694 2 1
14050235 3 1
38278278 2 0
236699215 8 5
219152459 1 1
31537029 1 1
33787115 2 2
6080022 26 11
63233369 4 2
29852657 0 1
14722564 3 2
14946893 20 9
245194221 1 1
48619486 0 2
23470438 1 1
160820894 0 2
47481061 3 4
49098552 7 0
459898457 2 2
210747974 3 2
18510296 2 0
18151654 1 1
17416267 3 1
17693446 0 1
47777346 0 2
19851359 1 1
31477608 8 6
19703935 6 4
12409312 0 4
14416552 1 1
22693053 2 3
17397762 2 1
16566306 3 1
29663668 3 2
45466925 2 3
14117843 1 0
19607767 1 0
79464719 0 1
16430887 2 1
19222164 5 2
23602815 1 2
22703645 1 0
14935647 13 7
101721302 4 3
116308543 3 2
104084647 3 2
234533857 2 2
272016961 2 3
76038813 2 2
18185593 1 2
15192772 8 4
46002379 3 3
17230018 7 9
15111448 1 1
19117113 1 1
99567847 1 2
14881982 1 0
33175761 0 1
44431366 3 3
26825852 1 4
223183968 2 0
184888391 0 2
19976756 6 3
53491922 0 1
47424517 1 2
42547398 2 1
90452330 5 4
24744179 1 2
132733414 0 1
48442106 2 0
70257108 1 1
22941372 1 1
75282074 2 0
14269172 2 2
15510569 2 2
25940364 1 1
2824221 2 0
159294262 10 8
161011066 1 0
154899708 0 5
46011060 1 0
18225966 1 1
15905103 1 4
16896485 2 2
185309457 2 0
16676528 0 1
28439478 0 1
366971503 3 2
425436243 1 0
15506452 2 0
90972884 1 1
19345378 1 1
104048428 0 1
45177955 7 2
404441601 2 1
335005201 2 0
277152703 0 5
121710301 0 2
122438932 3 0
556167733 23 7
20976154 8 4
92609578 0 1
18259232 0 1
252630232 2 0
18481050 0 6
19611483 2 0
160062130 3 0
279393981 2 1
435551972 2 1
8918012 2 6
36204399 1 16
34222093 3 0
17016830 1 0
259984813 2 0
261434167 3 4
490922827 16 16
383830013 45 29
62557485 2 7
120518909 1 0
33522957 1 0
57111966 0 1
76936279 13 1
301045962 2 0
19672596 0 1
172531871 1 0
68047611 0 2
18760107 1 1
223079863 2 0
19209687 1 1
61123704 0 1
6854942 0 1
17019152 3 3
19952246 1 1
16378486 21 12
16700766 1 3
14339261 5 9
59000613 5 3
144064703 3 9
167561718 2 2
9814222 10 6
1059801 0 3
14603011 2 5
14458280 8 7
6877722 6 4
57284417 1 0
11489 3 3
30008826 3 3
70096167 1 1
193563287 1 0
14828249 0 1
30206144 1 1
209081337 5 2
7198262 0 2
385587514 26 26
322690327 2 2
507288463 4 4
140640190 11 4
262182509 58 44
185331750 2 2
357866811 24 46
322687731 13 24
72410358 2 2
59702581 0 1
101145387 1 0
22587138 1 0
10350412 11 11
15668559 1 2
19120420 1 0
215328630 3 9
385813764 1 0
34145873 3 0
38123470 1 0
25547701 0 2
14888217 1 1
15082762 1 1
12683442 1 0
16373202 5 2
15381737 1 1
784304 5 13
82459133 1 1
23830366 0 1
15422847 14 5
237273873 1 0
42040091 4 2
14667714 2 2
488061226 2 1
20333302 1 0
136079475 6 3
39070445 5 1
300532683 3 2
18886900 20 1
8813002 0 1
60665688 4 0
56337457 1 0
38010788 0 1
14631433 6 4
477792933 3 0
426773431 1 0
336597532 0 1
344439820 0 6
25105135 4 0
19575980 1 3
545309191 1 1
169112757 21 21
24793429 22 21
27998627 9 3
23826838 2 3
87478141 10 11
14058735 8 10
57435204 22 27
150347034 10 10
18234247 14 14
25019166 7 8
30981586 12 14
7027282 5 6
1258391 3 5
19638752 6 7
55270849 12 12
407116083 2 0
142391273 0 2
168771252 2 0
14228208 1 1
310058709 1 1
360738836 1 0
102206775 0 1
15532765 14 7
135579990 2 2
25371730 2 2
28097924 1 3
14750983 3 5
26823203 1 2
23324461 1 2
25124390 0 1
58447555 15 13
298587541 10 5
60943588 4 3
104352067 57 41
317347414 0 2
24482785 5 2
14565565 3 2
22595031 5 7
20509649 9 2
19353750 1 2
14558385 3 2
20332925 3 5
62059086 5 4
63725198 0 2
22131586 4 0
16740151 2 2
18079495 5 3
94877567 3 3
17087191 1 1
23336217 0 1
18084906 4 5
21744518 3 4
15702262 0 1
107372075 1 0
46315888 0 1
83583303 1 0
280028950 3 2
382232560 5 2
171681366 6 6
152741998 7 5
172530816 5 2
168759944 3 7
169982466 4 1
104564514 4 0
47282396 4 2
16987555 3 6
75521184 4 5
18923282 0 3
14089309 2 2
17552020 1 3
69168314 4 0
16303871 1 5
23914011 3 0
26741765 1 3
1222621 1 2
78039441 2 2
44402429 3 2
1786101 1 0
21902226 2 2
33059408 1 1
14877628 2 3
20727866 1 0
16336077 3 3
30207781 2 1
73545592 2 1
66204908 1 1
77275653 1 1
34991732 1 1
58569776 1 1
15216270 2 2
56856558 1 1
111652884 2 0
69107668 0 1
52835221 1 1
92347682 0 1
47393360 4 1
104517739 0 1
18364847 2 3
15822493 4 1
319576850 5 1
130047324 6 3
363403954 1 2
7588102 4 2
419522236 1 1
14470931 1 0
166699208 4 3
96060682 2 2
51698866 4 1
99543751 0 2
11703722 1 6
75944654 3 2
50892530 3 2
16974253 2 1
14862017 2 1
104071049 1 0
274144170 0 1
40289734 2 1
90919024 1 0
21349535 3 2
53150331 1 1
20997349 4 1
18292513 1 0
73271762 1 0
20866261 1 0
14602589 0 2
18916748 1 0
261034525 1 0
355704786 7 5
301186183 1 1
241715867 1 1
224160357 31 38
387439469 2 1
217906657 3 2
342388972 2 1
189952416 2 1
87571114 11 12
169921002 6 4
347788405 6 8
182883839 6 5
265479915 4 6
21952872 3 1
16005250 1 1
178456134 21 4
180509355 2 6
50735431 5 1
17501358 2 6
200163448 1 3
23697509 3 0
19404587 1 3
235146909 4 2
401417487 2 0
7826492 3 0
81053602 2 0
157247429 3 0
20195073 3 3
15086499 1 1
3200541 2 2
16813929 1 1
17324205 2 2
53395621 13 1
108508328 7 4
61442211 1 6
97008128 6 2
19981036 9 8
163550067 0 2
31639623 7 8
50965086 2 3
128246602 2 0
69231483 1 1
197341208 10 2
21645304 3 9
157947389 5 0
18028703 2 0
71600011 1 1
161482772 2 1
60092902 3 5
25180057 8 7
21460249 9 7
44383122 9 9
55793637 2 3
171108403 1 1
61788140 1 0
147324465 2 2
19917446 1 1
15582088 3 4
82775046 3 4
19519021 4 4
225634187 2 1
16400388 1 2
236657680 10 2
2747211 1 1
17737498 1 1
33010760 1 1
16147376 1 1
3704581 3 0
357359582 0 1
65897036 0 1
18557731 1 0
87027640 0 2
15209941 6 1
9247852 3 1
17469332 2 1
14751849 3 8
26058342 4 1
7805942 0 2
130559528 8 7
103532942 0 5
131935531 5 4
25492883 5 3
113470669 7 4
25680767 15 9
27835859 7 5
20157590 4 5
133272665 3 6
276991796 6 2
19206177 0 5
34575169 0 2
24049717 3 0
38034789 0 2
30979533 3 2
19212622 0 5
154602438 2 1
18072308 1 0
22561519 1 0
21139132 4 2
86146072 0 5
22843068 5 10
409628807 4 3
20578176 7 2
18148282 9 4
72831048 3 1
87697628 6 4
20193243 4 4
18791048 2 5
177619180 6 0
190900921 0 2
83367556 2 1
54402700 0 5
77306913 4 6
22037477 3 2
54997681 4 4
71181708 2 0
339875129 2 1
56258810 1 0
76940234 0 1
28851282 2 0
19388771 9 12
62831503 1 1
358030466 1 1
442587710 1 1
14683704 0 1
86993101 1 0
350322420 21 23
122703083 3 1
392251125 3 2
20958456 26 11
27711706 1 1
458341610 1 1
249996933 5 2
68721382 3 2
165411431 16 8
225142835 0 2
299926425 4 3
30982580 11 8
15816057 4 3
14260655 2 2
216977719 1 1
54476281 1 1
16807882 5 1
202037047 2 1
78569026 3 1
60972923 1 1
172933026 1 0
3299561 10 11
108908302 4 2
19302265 2 1
56431113 18 12
2450021 1 1
56758151 1 0
128627411 1 0
33669807 21 20
16815619 20 31
42897096 3 6
273617441 0 1
74274804 1 0
18924664 1 0
15010978 0 1
14540042 1 1
9272 3 1
17995580 3 2
18066440 0 1
18988466 1 2
76980293 0 1
14312916 1 0
69099998 0 1
11173012 1 0
15759166 3 2
29806910 4 1
98510175 1 0
291353700 4 0
16803196 4 4
15961191 1 3
74913172 3 0
30800681 1 0
17505533 6 0
34793170 1 3
25527966 6 6
22749632 1 2
90021519 1 2
254218516 0 1
20379995 10 9
74622259 1 1
18829102 1 1
22661707 1 1
31200707 1 1
182101865 1 1
208062005 1 1
14500804 1 1
304233994 1 1
125835042 1 0
79238164 0 2
16634377 1 0
145384717 0 1
21778842 1 1
14803917 2 5
96354730 1 0
162041401 1 0
195938803 16 6
20690398 4 11
368250901 1 1
298149942 1 0
126052919 0 1
17426542 2 4
249339326 0 1
315432213 3 2
279251969 5 2
240657729 5 2
282622795 3 4
148914977 2 2
262045931 13 16
220861472 4 7
114890849 4 7
226426309 4 3
234485146 9 8
417311399 1 1
36756569 4 2
280919733 6 1
313020467 5 0
240393947 4 3
145950327 1 2
240923162 1 0
16703744 1 2
24969285 2 1
444387391 2 0
15519886 1 2
45156251 0 1
171693385 1 2
17424872 10 7
23793447 3 4
95097958 3 4
21038628 2 0
39363307 0 1
217545284 3 1
14262811 0 1
19185333 3 4
158844523 4 0
95431448 0 2
36370704 3 0
242555999 3 0
284530356 2 0
111116382 1 1
22814630 1 4
29774968 0 1
30551983 2 0
38970940 0 1
113741817 0 1
20714308 1 0
86744499 1 0
217416964 0 1
9855382 3 4
197272283 4 3
148058483 2 0
17401717 4 1
17112268 0 1
16161210 2 2
27476141 0 2
6708412 2 2
330216187 1 0
103096174 1 1
19209208 1 0
38090893 1 0
18729482 9 1
15186890 1 3
30007505 17 6
40893066 3 1
15698746 0 5
343918825 6 8
15914915 2 0
74796174 5 6
93146357 4 1
15189524 0 2
23776156 3 3
63010830 2 1
49101109 0 4
66530713 23 23
14269160 12 14
13353162 1 1
19027116 3 3
19976980 2 1
107867162 1 1
166663563 1 2
42584178 2 1
14467421 1 0
15876654 2 2
18184416 1 1
105223 4 1
9487272 0 1
7914552 1 1
14455784 4 1
25070195 1 1
14371916 1 1
281657193 1 1
16542981 18 6
36964520 2 2
20466609 2 6
6830712 1 1
49086693 3 3
232676888 7 7
14524297 2 1
23516324 3 2
18957239 6 4
24644909 2 2
19809876 1 1
18324005 5 3
16151653 3 2
16979946 3 4
12730882 6 16
27618085 0 3
14359567 0 6
156204515 2 1
237985689 1 1
16999210 1 2
301863759 4 4
243874674 5 4
548020172 2 1
306823516 0 1
338554536 8 0
191750596 3 4
52672768 0 4
40297195 4 4
346720096 2 2
48335027 5 1
16065736 6 10
17872052 0 3
23080244 1 0
108171720 1 2
184985588 2 0
76512809 4 2
50740810 2 2
18708568 6 2
93907146 0 2
18398245 0 2
172495959 1 0
36779213 2 0
18384904 0 1
21071513 1 1
30451960 1 1
92319025 74 40
234082615 33 28
211933541 27 21
120182604 6 6
210072500 5 10
22644063 2 3
22981846 21 20
8888672 5 6
18913179 3 5
6666312 8 4
3283901 4 2
76831143 1 1
177564924 7 9
19198381 2 2
17511527 9 5
5309462 6 4
20152310 6 2
279515481 0 2
282348945 4 7
325583724 2 2
5938412 2 5
740983 7 10
39277194 1 1
265062844 0 5
72665816 6 3
34722669 0 2
98731745 1 1
16332223 1 5
46766777 3 0
24179879 0 1
272652543 3 2
230484387 11 9
138618802 2 2
114607362 2 2
114476572 1 1
141713916 1 1
52471614 0 2
174293510 1 0
152065057 16 15
97088346 8 3
20397385 1 1
20340917 0 3
16983297 1 1
484299228 1 3
18566621 2 0
373079416 2 0
193483797 2 1
13555802 2 1
15335123 1 1
380503334 10 10
280049106 11 11
232907264 5 5
107790914 8 8
220712849 6 3
124866710 3 2
538389207 1 0
20281602 2 3
20448733 2 3
82140652 2 2
206101355 2 2
71273003 2 2
25869468 3 1
17597716 3 3
14452248 2 0
19927627 6 5
40703164 5 2
9340912 16 14
22851036 4 2
1511081 2 2
26011572 2 3
16543012 4 2
26029878 3 2
28801508 2 0
166853688 0 2
21201598 2 1
14173652 5 3
73012388 1 0
104268166 0 1
16018285 1 3
144218227 5 1
195305346 2 3
48903480 17 8
137702106 0 13
116081221 2 1
26125943 1 3
86152110 0 5
28541908 1 0
275020671 2 0
372084834 4 3
23066251 2 1
120068116 1 0
146560386 0 2
375038445 1 0
93155000 0 1
325911794 1 1
330552752 1 1
8119302 6 6
20575324 2 0
17133445 1 1
248007541 1 0
176099750 1 0
15231413 2 1
12701122 0 1
18174804 4 1
28444033 1 4
17142478 0 1
48377518 2 1
29480700 16 18
292004117 3 0
22662244 0 1
18955413 1 1
45296039 1 1
22646558 0 1
16002751 0 1
16106608 1 0
80327382 1 1
39058866 0 2
505372527 4 2
308697431 2 1
227454804 26 41
278776823 0 1
85349324 7 6
219348483 1 0
433789613 5 6
135397331 20 2
20611853 1 2
14364626 2 1
39904933 3 1
16715729 2 0
148032978 5 3
245039566 0 1
420456892 4 1
25489250 0 11
26138657 1 2
62601901 2 2
38346612 3 2
86938734 2 2
106071160 1 0
109342607 5 1
48103917 1 1
321504648 1 0
16794934 1 0
88349752 0 1
276841724 1 0
43105737 5 5
16434105 4 4
66331720 2 2
147590684 3 4
47897905 6 2
6449282 1 4
20531146 4 4
122194011 2 3
32676724 4 2
14363353 2 5
141982955 1 0
414285107 2 0
36574704 1 0
262174528 0 1
430703073 12 3
92181077 3 3
213829863 4 4
459491802 1 3
17215276 1 2
428428152 4 1
25656304 12 0
772844 1 1
150766782 1 1
47268815 2 0
128376989 0 3
56184156 1 1
47846099 1 1
24886033 4 0
23994280 1 1
23095837 1 0
21494701 1 0
25203129 2 2
14246892 1 1
14179496 1 0
25512981 3 1
7568282 2 0
16540673 3 0
499900026 15 16
404688845 8 6
69168087 0 1
18925386 4 2
16966381 1 3
257056967 0 2
118161980 0 3
17819033 2 2
300519766 2 1
23124408 1 0
20475703 0 1
15825547 2 0
30475681 1 0
31572616 35 82
31531849 7 4
22207071 3 0
19186071 17 12
64122735 7 6
219419701 1 1
67060417 2 2
6804822 3 1
161705745 3 0
10541532 1 0
19396256 1 1
23991440 3 1
29298804 0 1
19647125 3 3
21646098 1 0
356430421 1 0
63254895 2 1
17234024 1 2
356034002 0 1
22148819 1 0
59162445 1 0
353952064 1 0
341756256 7 1
310424126 12 11
266912770 4 0
194939391 14 9
321029545 9 6
332353057 3 2
374337374 5 4
231444167 4 1
181299506 10 7
231921253 3 2
115222629 1 1
125885487 1 0
152036250 1 0
219069031 1 1
177471917 6 3
177473412 0 2
14102076 6 3
14426487 15 7
177081090 13 8
177372465 3 4
111777598 4 2
14628172 7 1
171883639 1 3
231576588 0 4
177468759 0 3
15433739 3 3
46254908 5 2
19103586 4 1
54349977 1 1
17649043 2 0
125043122 2 0
72235760 0 2
20517215 3 0
108983630 1 0
339056433 6 0
81093 2 2
313703817 2 1
20240002 74 98
14539153 15 14
255790981 57 31
388692278 4 1
472390921 3 1
40645624 1 1
14174392 5 1
29374886 1 2
266182056 16 79
21791940 0 15
46754170 3 3
34980364 5 2
27003337 4 5
14955620 7 6
17066312 9 7
17560195 3 3
117237387 4 3
235178769 6 0
198567769 2 2
17451742 5 11
97465432 1 2
229585537 1 0
64611446 8 3
31162746 0 6
20175678 1 1
54966644 0 1
197600651 1 0
160779918 7 4
302768530 3 3
205009543 4 4
212247905 6 4
209735408 10 9
178805277 11 7
446010132 15 15
419160168 1 2
304550437 1 0
252782730 1 0
103652294 8 1
40913222 1 1
149217510 2 3
804261 2 2
10647432 2 2
693803 2 2
15170346 11 4
267425413 24 12
292290229 12 5
228881320 5 4
204690606 5 2
84279963 1 1
220988078 3 2
89018574 0 4
183545030 4 1
126740342 0 1
129190981 1 0
241611639 0 2
262809669 2 3
468931020 4 1
221338479 5 3
221731648 24 14
27853708 29 3
358387093 2 2
38699900 3 3
19670772 2 1
18776987 2 0
10292772 1 3
64318383 2 0
39319616 2 0
29114279 2 3
18220380 4 4
17006579 3 1
14708012 0 2
54743 0 1
117802300 3 2
28267054 5 3
16898856 3 5
242202585 1 1
9705432 1 1
14087328 1 1
16560623 8 3
21145433 8 1
43822174 7 11
83990838 1 0
15639558 11 9
17207272 4 1
9359222 3 2
19251068 3 5
16049481 0 2
18964468 1 0
69027629 4 3
14005532 4 6
255761021 3 1
182384867 2 3
47768150 1 0
84505452 7 6
177336885 6 5
15944708 2 2
42526763 0 2
66029528 1 1
152820428 2 1
18755970 4 3
13369452 3 3
16871584 4 3
19115080 2 0
25796104 4 3
61420787 1 0
393242944 18 15
396094902 14 0
394475305 12 9
179743459 5 8
327851931 4 6
98821255 4 7
135704870 24 19
14365883 18 0
233527224 12 5
79119341 16 16
333815274 22 16
219723179 3 1
191280225 1 0
388118957 16 13
83220932 1 0
134897142 4 0
25488031 4 3
27142516 1 1
132089187 6 4
44475539 3 3
30369538 4 4
124656976 1 1
89743473 0 2
70736039 5 4
17467682 2 1
262171829 2 0
267923399 10 5
285877012 1 0
116878734 0 2
88365320 2 1
68801460 19 4
16444233 2 2
1294231 7 6
59947068 4 6
46957051 6 6
145724592 2 2
22587869 13 8
17677636 12 3
21105092 3 3
19554219 3 2
22568011 2 8
123633259 8 5
22369057 2 6
56891751 4 5
31432492 1 1
40198892 0 2
78231411 2 15
16531357 0 2
116658090 0 5
102633945 2 2
114829367 2 3
21021166 2 3
21609473 2 3
37763201 3 0
29977036 2 1
63303106 1 1
268479992 1 3
24736925 1 0
17198373 1 1
69944997 1 0
12831482 0 1
86823765 29 16
17578749 12 12
366849338 11 5
258280763 13 10
23885728 1 0
16120265 14 10
14299203 2 0
24405149 7 4
13577212 4 1
227828856 1 0
153198631 5 2
303482442 2 3
256744683 17 17
61522899 1 1
208730285 1 1
358083488 6 3
238110322 0 8
24574626 3 1
116829229 1 1
177030011 1 1
255253245 1 1
209143637 1 1
28931013 3 2
28929267 2 2
24939978 1 3
156994284 0 1
21337712 3 2
47147828 1 0
14267965 1 1
14611017 1 0
29788092 1 0
26039086 0 1
44561295 3 1
32140588 2 2
18949879 1 0
63356332 3 3
29112695 2 1
36525774 6 1
14982451 2 3
16874685 3 2
320939752 4 4
479997925 2 4
256497288 24 1
184426481 2 12
487329454 0 2
38761811 19 3
20224976 8 3
22652938 2 2
74697858 9 16
115743614 2 1
70160230 8 5
20426515 1 1
19339490 2 2
46415678 2 4
38823390 0 2
8126322 11 12
14710589 7 7
185963016 6 4
14092013 5 2
177658536 0 1
25675498 1 1
236096332 0 1
69802536 2 0
343341790 1 0
21069452 1 0
23538464 0 1
18227340 3 0
30417505 1 1
92767002 0 1
86176636 0 1
340685089 12 6
459632171 1 1
66431262 2 3
116914779 2 3
785645 1 0
8521542 0 3
27546808 2 3
487859640 3 0
41692369 0 10
282743175 1 1
446712660 1 1
259387453 3 1
14591500 2 0
15771419 1 0
390356722 5 1
390947575 1 1
30781454 1 0
248179455 9 3
342421694 17 12
242692217 18 8
142634662 3 0
192537546 2 1
19792347 1 2
72357328 1 1
115409651 1 1
219806343 1 1
15947348 12 10
133317553 3 1
1617891 1 1
50468526 0 2
33777251 0 2
8881 3 1
19793752 1 2
18568431 2 2
81700833 3 1
47480137 1 0
309937733 0 2
162124716 1 0
17183692 4 0
19880440 0 1
18102187 9 8
134286721 3 2
169572927 3 12
455697092 4 0
95959272 6 0
349054621 3 0
122530604 1 6
123417458 1 7
24602560 2 1
62745759 7 0
115192143 1 1
260705759 1 1
65986990 2 1
7751462 1 0
17347261 1 3
443478494 1 0
370819399 1 1
282862692 6 6
96551826 6 1
261171156 3 3
198732306 2 1
363382373 1 1
336269684 2 4
178874748 18 5
25797592 3 3
43614909 1 1
450952913 2 1
94083684 3 5
277171542 2 1
197821095 1 0
234470418 2 1
84609243 2 2
128299973 1 1
226228873 1 1
197548360 2 2
63258863 2 2
272002061 2 2
99467249 12 10
96071489 2 0
117946816 0 4
81049395 0 2
51796251 1 0
16187815 2 0
14193620 0 2
31364943 1 0
19087450 1 1
13557972 1 0
21149618 1 1
16349559 2 8
224491023 2 0
330678412 2 1
341260999 1 1
22332114 0 1
22813923 0 1
57503080 1 0
777925 6 6
8438932 4 4
23468302 2 5
1692881 3 6
14602130 8 2
13166 10 5
42242439 2 2
18179447 2 3
31393 5 4
14624209 2 0
22677962 1 1
20733754 0 1
787864 2 2
15644999 2 2
1765921 1 1
7478612 6 4
18907022 0 1
14876536 9 7
997 1 1
15051601 2 1
95409471 1 0
14187770 1 2
12038842 1 0
458655133 1 2
167429242 2 0
14145296 1 1
383558512 1 2
317581133 1 2
104718222 7 5
25917741 11 3
323602128 2 1
25713189 1 1
29009790 2 1
245915466 2 1
374895823 1 0
252887704 6 2
525881165 6 0
93959777 1 1
91681244 1 1
217930063 8 1
21841724 4 4
51835387 4 2
28779024 5 1
34859464 1 1
343879647 8 3
382370111 5 5
391675394 0 2
71851394 1 1
113714296 7 5
419271809 2 0
374347717 4 12
157623011 1 1
295663086 1 0
54437342 1 0
22821175 1 1
211866318 1 0
21761662 1 0
19616718 1 0
18469843 1 0
78982926 0 2
20875991 3 0
322069904 3 0
24001954 5 1
20172221 3 4
38102814 4 3
19409006 3 3
18640668 2 1
169987795 1 0
18223930 0 1
57650649 1 2
16462661 2 2
29151815 2 2
421286008 1 1
267828234 5 1
272170644 3 4
54325840 4 2
333151960 4 10
88367086 0 1
37605913 3 1
20448269 1 0
21225900 2 1
15515673 1 3
65111341 1 3
10886522 3 3
78419512 1 2
15745674 4 4
29825098 1 0
15535730 1 1
78784199 1 1
5744702 3 1
31263739 2 2
57026351 1 4
14525652 9 5
169762337 3 0
301086893 2 0
190381853 1 0
212682266 3 1
258563458 6 0
92226678 6 6
120428242 2 5
15254423 1 1
24910422 4 2
1338891 3 0
268876919 4 0
371107639 2 2
313846689 1 1
46346085 2 2
282704372 38 19
236698395 2 1
15092621 6 2
36459516 1 0
24332709 3 3
191504048 1 1
22676390 3 2
20076561 4 3
17169320 2 4
225604003 1 0
65412757 1 1
16060481 2 1
261559166 2 0
35067687 1 1
14306568 5 7
61525167 8 7
20293613 6 4
14386631 5 5
13700542 6 16
20452435 4 3
60741908 6 5
7373292 5 4
45036374 4 4
19890521 5 5
66836254 5 2
6016062 7 7
15656040 6 4
15810356 3 2
50524451 1 0
305646642 7 1
293392015 5 7
341603426 5 3
309135583 2 2
359791673 19 12
393829618 3 3
443942522 3 0
327693487 0 1
538624947 1 0
341101965 0 1
507598727 0 1
5654722 1 2
5033381 1 1
21672825 2 1
160522286 1 1
58238234 2 1
188025840 1 1
21540725 1 1
19868934 0 1
8200352 1 0
125502730 2 2
509143497 1 1
60102179 1 0
92346912 1 0
42487653 1 0
240959105 1 0
15620557 0 2
37549379 1 0
276604734 8 0
368527647 1 1
150086351 3 4
16395449 1 13
167063925 5 1
42926101 5 2
33051040 7 5
19407585 9 3
47195875 0 1
31808570 2 0
347732165 1 1
35761106 1 2
89024581 1 0
39887890 0 1
36231321 2 0
14780759 0 1
14503818 0 1
41806953 1 0
14539464 1 1
16088814 1 1
19799579 1 1
152411920 1 0
199846203 8 5
217742175 5 3
433878558 5 0
375407274 2 1
90739121 1 1
276551208 1 2
417407285 1 0
365843255 1 2
46671605 2 2
23260786 3 2
118205135 3 3
45772968 3 3
472442403 2 3
553946273 1 0
112004687 2 1
170528063 1 0
21453615 0 1
19995834 3 3
16201775 1 1
17146677 1 2
21689936 5 1
501303192 0 1
20189970 3 2
322981764 2 0
276248696 2 2
90959399 0 2
134889262 1 2
34457931 1 1
42792184 1 1
91935208 1 1
21093865 1 2
60178856 1 1
60108571 1 1
38124754 2 1
821142 2 1
390272449 1 0
356300701 1 1
32263651 1 0
397495448 4 1
60744539 1 1
265802800 1 1
77941263 3 1
475340538 1 0
18719196 2 0
387928178 25 36
52285847 3 2
13108932 7 3
388485013 1 2
16613314 2 1
373653008 0 2
331703899 1 1
15582769 9 8
190233732 4 3
14159087 0 3
28114539 0 2
122487840 6 0
18946688 5 4
317642104 0 1
321096972 14 14
319625617 5 14
464435768 18 9
554003471 20 5
343051634 16 16
379644023 13 9
512638904 13 6
320140485 20 18
395472453 13 10
397322647 13 6
339799759 0 11
351641666 8 12
466121896 11 9
394239302 8 8
50042330 4 16
195066320 0 7
360268721 9 10
284681556 7 16
524620711 9 3
300012435 3 13
349741737 4 11
398462787 3 4
221859696 3 2
361180130 1 0
427603063 1 1
124079873 1 1
15149791 1 1
8002822 1 2
14222551 1 0
219069857 1 0
309237384 1 2
16384688 3 4
336586492 1 2
19412541 2 2
354569107 1 3
27935501 4 7
16631253 1 2
342149433 2 1
360169494 1 2
112780263 1 1
25453503 1 2
241642996 0 2
14497225 1 0
25602839 0 1
62804806 3 2
41598554 1 2
15411162 7 5
17124747 6 2
9406942 3 0
15419796 4 4
26326756 0 1
19038395 3 0
157044469 3 3
27073265 5 3
71577469 1 0
15467466 0 1
326755929 1 1
15171478 0 1
17024955 1 0
101532459 0 1
237315244 2 2
282388693 3 2
335641572 2 1
29993099 1 1
37752399 1 0
37528320 2 0
290871738 2 2
255238984 1 0
498095362 1 0
210254309 3 4
121918392 1 0
306005773 1 3
196790768 1 0
34537196 0 1
35502708 5 2
208891656 5 7
265781635 3 5
326371495 7 7
53296515 1 4
27581773 0 7
32530227 6 3
283193474 8 10
414415556 6 4
463194918 1 2
7594982 8 7
14238569 4 3
35986710 4 4
888981 0 4
17821932 5 5
7797552 3 2
2009991 12 5
13171472 4 3
111478759 1 1
49774608 2 1
18667907 0 2
89898430 1 1
19003050 2 1
403473415 1 1
19534433 2 2
81789092 1 1
35233873 19 13
15714648 2 2
206621725 2 3
9595022 1 1
47673661 14 2
25577351 11 8
337616527 0 1
227126986 4 4
380196467 2 2
357741061 4 2
88130019 2 3
429537308 2 0
508226086 1 2
46140684 1 1
325670642 1 1
65936054 7 2
218764303 4 2
26967932 0 1
191601056 5 5
95096748 1 0
37931906 3 2
24166711 2 2
37229840 3 2
90203412 3 1
325799091 2 2
268548585 1 0
238431491 2 3
480113860 1 2
333881828 8 9
363172778 3 2
409584473 0 1
15053372 7 25
47960185 1 0
405122243 4 4
369956429 1 0
343913571 2 1
118135933 8 9
384452872 8 10
429289159 5 6
187722919 6 6
254123924 8 8
176939238 5 7
346880024 7 7
119171551 10 8
50054844 2 1
411011857 7 7
302643429 1 2
181710644 4 1
368699121 2 2
375214274 1 1
23853807 13 16
6427892 5 11
200959768 9 21
38901224 2 3
398994309 15 1
450735279 1 1
15208837 0 2
292778377 1 1
293034407 0 2
159061456 1 1
173799840 0 2
48398960 1 2
90226862 7 0
25845428 1 1
23089228 0 2
30745262 0 3
19770557 2 0
17001189 1 1
26038292 1 1
17029324 0 1
27567775 12 6
30067876 1 0
35972874 1 1
14599470 0 2
173597141 0 1
210428550 9 6
119798626 4 1
68316611 2 2
33830368 3 4
15471060 3 4
122179144 0 1
141255819 1 0
16397686 1 1
15453752 8 1
133404204 3 2
20012454 2 1
66405948 1 1
337802792 1 1
337537112 1 1
336958044 2 0
475134373 1 0
22704248 0 1
136278069 10 3
416824474 3 0
170512878 1 1
102173255 4 0
82522075 4 3
283388768 5 4
166226911 7 3
88692036 1 1
50322783 0 5
195171695 4 2
97761486 3 0
159971257 2 1
29134751 1 1
360914929 2 0
99491032 1 0
510425787 2 0
93659369 10 10
15286368 2 0
181076223 1 0
19787153 0 1
296216073 2 0
158035139 0 1
45231082 2 2
70122463 5 5
182414019 5 5
41582548 2 2
151959257 3 3
283602905 2 2
231004001 1 1
133756497 1 1
246023376 1 1
29879795 1 0
26221897 1 0
54249319 1 0
353665909 2 1
23087952 0 3
18991464 6 6
21993337 2 1
44616049 3 2
19685455 2 1
54377889 0 5
340387460 1 0
52830048 3 2
68898458 3 1
19720220 1 1
36688071 2 0
77113444 1 0
543002517 0 5
218565522 1 0
154992848 1 1
20212580 3 2
34742074 3 1
306604708 8 2
295817535 2 0
15327996 1 1
34778564 1 2
22708540 2 1
26054442 2 2
96585601 1 1
45586373 1 0
15036041 1 1
260281892 9 3
355637036 3 2
213832879 3 0
54514600 1 1
202500496 1 3
54981249 4 0
183502719 1 1
261074207 1 1
122111980 1 1
307652781 1 1
300536012 0 1
555521357 2 1
47005906 1 2
345930964 2 2
146768204 1 4
167709705 1 1
29368258 1 3
428000060 1 1
86581491 2 1
17797942 0 2
27922928 0 2
21434769 2 1
33387856 6 0
44771048 0 3
30397013 1 2
48634799 1 0
71553401 3 1
24223185 0 1
21212730 7 2
53751973 2 1
43441291 0 2
188154135 0 2
255802087 2 0
95248526 0 1
18740669 1 4
18562064 2 2
261227209 4 1
87273337 0 2
386209891 1 0
50597693 1 1
61235410 3 1
380663874 4 3
72323229 2 2
322358312 3 1
139084494 1 1
24875696 4 1
40580391 0 2
66004143 1 1
45047314 1 1
38676123 6 4
63372660 1 1
33940400 5 4
64241129 2 1
78311082 2 2
97115053 2 2
64518122 0 5
215394089 2 2
152511987 2 2
18141369 1 0
73762766 4 1
351939436 0 3
53756926 0 1
97552857 1 1
148181878 1 0
104572249 1 1
151145458 1 1
119926579 2 0
103394477 1 0
7207032 1 0
14792444 2 0
253360762 25 0
19238008 1 1
44191022 2 2
32824804 2 2
113713593 2 0
9604032 2 4
75708763 1 2
61969331 1 0
243614856 2 2
276124559 2 2
230396531 2 2
54243949 2 1
208545425 0 1
5244591 1 1
30495007 1 1
40321134 1 1
64954625 1 0
309808270 0 4
228448689 0 1
61313954 3 0
219115830 2 0
9179362 2 4
151252407 3 1
17623957 1 4
43834581 2 0
811303 2 3
71928368 4 0
45516390 3 3
25136067 2 2
34484725 4 1
113430220 4 3
7718082 3 1
17979038 1 0
370762041 2 2
233011448 1 0
36157507 3 0
19619047 0 1
45694782 1 0
339503567 1 1
381835552 0 1
29642675 2 0
19894159 1 0
20124712 0 1
314550074 1 1
8056522 4 1
8304842 0 1
276322412 2 2
33449028 2 2
18219754 1 0
18190259 0 1
49210949 1 1
248748948 3 2
322171570 2 2
271250182 1 0
51551720 1 0
16541808 1 0
117359940 2 2
15431344 3 3
18594420 31 3
279863186 0 3
452631923 1 1
45634961 1 1
303895934 6 3
262310943 0 8
150197363 1 0
173852432 0 1
257284859 2 0
209125412 1 1
37508790 3 10
400814530 1 1
413395657 0 3
42588508 3 1
26438384 1 3
14338082 23 0
21981231 1 1
18559944 2 0
28071884 2 2
66515918 2 1
28433775 2 2
50223887 2 0
435255730 1 1
29089122 4 4
355009696 5 6
16448588 2 2
457400706 2 2
50738078 1 1
249188812 3 2
272077982 0 1
43161519 1 0
267318068 1 1
135187349 3 3
408209095 1 0
21907788 2 4
14444891 1 1
96174685 2 2
18393753 3 2
13871102 3 3
15223433 3 2
14770116 1 1
10285082 1 1
23673139 0 1
105595534 4 2
25838635 1 1
22281805 0 1
211041953 3 0
203942956 10 2
80483595 1 3
135385447 1 7
119534276 4 0
197105291 0 3
489640935 1 1
176425989 5 1
24282101 0 2
20605795 0 1
499455442 0 1
150021307 2 0
35030520 0 2
33212700 1 0
314098636 1 0
50449246 2 3
114833239 1 1
28109359 1 0
46260911 1 0
222725454 1 0
20175675 2 3
16643805 3 1
396221712 0 1
64442789 1 2
139713345 3 1
15938093 3 5
38268441 3 3
195887204 1 1
14592925 5 4
790036 3 3
149685699 2 2
59554328 2 2
221818934 1 0
42739048 0 2
150978009 6 5
76016329 9 5
18991187 3 6
156280168 5 5
86926478 0 6
154144035 0 1
20045134 2 8
72820359 8 5
21856144 2 1
92358824 2 0
357567964 2 0
27833479 0 3
27834517 1 1
3103641 0 5
229370656 1 0
24504033 0 3
41590595 4 2
200969056 7 1
22813738 2 4
25069628 1 1
38423124 1 3
26811248 1 2
16582350 1 0
90452704 0 1
132912535 0 1
246424851 1 0
90118996 3 3
19915199 4 0
18676369 0 3
28280650 1 1
35490641 1 1
244441120 4 3
231556077 1 0
305423837 1 1
307357248 3 3
19401487 2 3
453344643 1 0
138308031 1 0
5380152 2 4
19852276 2 0
381048540 1 3
160302244 5 1
82580241 0 1
49169651 1 0
16234668 1 0
368801039 2 2
190399951 2 2
184391654 17 1
338068011 1 1
374659799 0 1
14905860 0 2
18232198 1 0
35499363 3 0
44789768 0 1
34576184 1 1
18895896 0 2
755603 3 2
14538601 0 1
199032495 1 2
308911400 3 2
321592490 1 1
13857762 2 2
256633393 1 2
281234028 1 1
278697037 3 2
10854812 3 2
40326689 3 0
35777926 1 1
66190348 1 1
18504495 2 0
70458047 3 5
41870991 1 1
43180035 2 2
25689832 2 2
66661590 2 5
58356127 1 1
51828073 1 1
100496045 1 0
91884854 1 1
66409671 2 2
242362681 1 1
142715837 2 0
14048809 2 1
14506505 1 1
17462723 0 1
14903053 2 0
21434444 5 1
19866631 2 2
58844228 1 0
120276532 0 1
12951112 0 1
33254505 1 0
24695373 1 0
37796602 1 0
9273052 7 7
7762622 9 6
12724562 3 3
16932596 0 4
583883 5 4
22557877 4 3
14513100 4 4
636893 7 5
8004452 5 6
73113170 10 3
29851286 5 0
30337775 6 0
276686889 7 1
168009636 7 1
357524793 2 1
15166316 1 0
246134531 1 0
168525858 0 1
29069574 1 8
19283723 9 2
18919936 2 4
58914651 11 4
31767699 3 2
42092597 6 2
43872362 3 2
756145 1 0
15437688 0 1
1150571 5 3
43305785 3 0
17561785 21 2
244368081 0 1
237637607 1 0
14401698 0 1
7130402 1 0
19579267 1 1
14532236 2 2
150398297 1 1
234288764 1 0
52544275 0 1
26453786 1 0
59599890 1 0
20574199 1 0
121338495 3 1
18751439 6 1
24636393 1 0
27808966 1 0
58833777 0 1
430181870 1 1
32353559 2 3
25791289 3 3
21283935 1 3
281153162 1 0
349145647 1 0
86194532 1 1
148791188 1 1
16562715 1 0
25718003 1 0
5533902 0 1
31188700 3 2
62098714 1 1
256872653 3 1
58547111 0 2
43601041 5 1
317652921 8 2
319987685 3 0
298402374 4 1
254400424 2 1
15670814 0 1
20187852 4 3
27573195 1 0
12195002 1 1
314738283 2 0
81978740 4 2
330143622 1 1
295465484 4 2
356642631 2 3
233107833 4 2
73390436 2 1
70460503 3 0
259304458 2 0
109356584 1 1
23626899 1 2
135200435 1 0
268035072 2 1
223840932 1 1
61595118 1 1
386677416 1 0
238721415 6 3
38708614 2 3
229249830 5 3
25285450 3 3
13141852 3 4
26636349 1 2
15070712 3 3
204691142 3 3
17502089 3 0
17336784 0 1
327690261 2 0
20013151 1 1
14120456 1 0
90970994 0 1
56929607 3 0
15929867 0 1
150505377 4 4
19232121 2 1
123161418 1 0
122092164 1 0
151594887 1 0
125199215 0 1
84208385 1 1
90205951 1 1
289459291 1 3
22665024 2 4
422268021 3 3
498440463 1 3
18089608 6 3
36644925 3 3
51239075 5 3
372559100 3 1
227486711 1 1
335661411 6 0
45319754 2 3
129755376 8 0
26200403 8 9
16108210 8 10
26364322 2 3
18990306 0 2
34431320 2 3
16549787 1 1
87060964 4 1
64304897 3 1
16985700 0 1
24788654 2 2
17007560 1 1
27994823 1 0
5868402 8 1
45040038 1 3
129716643 3 1
29592491 2 3
18646199 1 1
16968632 1 1
14610206 5 6
17964866 3 3
355275030 4 1
59369137 4 3
240186064 1 0
152515045 4 4
50255081 2 0
547504314 1 0
126334355 1 0
196823075 1 0
73099320 2 0
265690003 0 2
269252624 4 0
3511681 0 3
22949812 2 1
34310801 5 1
45536687 0 1
15909010 4 1
41577194 1 0
85824938 1 0
26077026 2 1
11856422 2 1
22854531 3 0
15426856 1 0
14433891 2 1
87586376 0 1
21008297 0 1
78931350 1 0
184907407 1 1
18938248 1 0
14110454 1 1
195820818 2 0
57992535 0 2
14835652 1 1
5388852 3 3
14185424 2 0
19512493 0 2
52238172 2 1
64241189 2 0
53025463 1 1
151191680 1 1
18354740 0 1
46686860 0 1
46947488 4 4
92614042 2 18
264124770 3 4
96432821 4 2
390189904 4 2
39522692 0 5
441850919 2 1
351514707 1 3
182136530 1 2
14088064 2 2
429081965 1 2
25594518 3 2
47717027 0 2
61353269 3 2
26445140 2 2
15439882 3 2
41238485 1 1
378703574 1 1
150774780 2 2
52091660 2 1
246972341 1 0
214296704 1 0
172742915 3 5
150367583 2 3
25340822 0 1
346840644 2 1
178726318 1 1
24214579 1 0
798556 4 2
22642626 0 1
18045966 5 1
53194854 1 2
26681152 5 2
98043823 0 1
111411572 7 3
47401917 3 2
260523318 3 3
37963098 1 1
53420694 1 1
286993966 0 3
317542713 0 1
40155853 0 1
209233393 0 3
262381655 1 1
246529857 0 2
98804013 0 2
252703381 5 9
68526677 5 10
388443878 6 0
25867475 0 2
30015340 2 0
16125588 3 2
19555067 0 1
32309918 2 0
117177384 4 1
445818064 0 1
14515948 1 0
173587214 0 1
162310738 6 7
22266381 0 7
40964378 5 3
56535506 6 2
162204428 5 1
20163916 14 14
351073900 3 1
33173260 4 3
15097566 8 11
58642515 2 2
80088141 5 4
19382500 5 7
346208047 2 0
374363985 0 1
24400628 7 2
15426099 2 2
217416589 3 5
18286505 0 6
18060163 3 5
14414452 6 3
65894396 1 0
95966853 0 1
107236697 1 0
149578245 0 1
59959466 2 0
49064411 1 2
189592841 8 1
25842688 2 3
41896109 1 2
28349128 1 3
16723682 1 0
20408795 1 1
20641338 1 1
25329155 2 0
22272053 4 10
412582295 9 1
93004355 4 3
20928893 4 2
151753441 1 1
90778418 5 6
45638067 2 2
49666871 9 4
17905977 3 3
11621822 0 2
48564118 2 3
2228471 1 0
44208218 0 2
222048396 1 1
102436798 0 2
11836402 0 2
20583390 1 1
96975923 0 3
55101908 3 1
87429637 0 1
29072137 0 1
14072931 1 4
311989458 3 3
19817778 3 4
87165980 3 4
21417687 1 2
14496918 1 3
29183527 1 1
24599993 1 1
20662802 3 1
323351607 1 1
16553826 1 0
123051486 1 1
246578847 1 1
180416124 1 1
18274748 1 2
462310261 1 1
78758706 2 1
6290462 0 1
346126683 2 0
31747489 0 1
59284201 1 0
26360041 0 1
14858086 2 1
304159881 1 0
21371293 1 0
26789088 1 0
11085852 1 0
12039052 1 0
88827363 1 1
54279612 1 1
47625913 1 0
75370068 1 0
164578092 2 0
110936556 0 3
56952600 3 0
202186639 2 2
18557657 2 0
288932529 3 6
489281307 4 1
505644068 1 0
423992563 2 1
92932633 0 1
338894455 2 0
136010193 0 1
69133390 0 1
20039736 1 1
33140178 2 1
367681328 7 1
83330277 0 4
178513073 2 1
22482043 1 1
88209311 0 2
41555127 1 0
59409306 3 2
157461057 4 3
45696104 2 1
160657479 2 1
24588389 3 2
131305826 1 2
234625696 3 2
269541156 2 2
25238486 3 2
28448705 0 5
95075291 1 1
114329426 0 2
125173405 0 3
129895131 7 4
26514376 1 1
126506556 4 2
25284019 2 1
60338351 1 0
31317590 1 1
52904881 1 0
31947502 1 0
46503181 3 2
192914233 3 0
199415817 2 1
203770783 2 0
27699224 0 2
21916557 1 1
157180599 2 1
262351301 0 2
218422210 0 1
100719412 1 0
79609940 1 1
471692812 2 2
146598249 1 1
443127182 1 1
12798922 1 1
202881242 4 0
14951200 3 0
154036524 1 0
18952429 5 3
24389233 2 3
183502710 10 8
131728473 2 2
365249846 2 3
45310286 13 1
354752457 1 0
22751884 8 1
20474740 1 1
24730013 6 3
14060667 2 1
50426510 4 3
2976831 2 2
55532048 4 3
216566780 0 6
51259482 0 1
99291085 1 1
27070413 1 0
28669612 0 1
87356124 2 1
17891116 1 1
90984237 5 2
25890506 2 1
19740681 2 3
14427975 3 2
20979133 1 0
800437 1 1
23992692 1 1
65508777 4 2
44186632 9 3
133880671 1 1
308641385 1 2
278170050 1 0
360210288 4 2
34160305 4 0
56180594 1 1
2565 1 1
12798452 2 1
12468982 1 0
17898187 1 0
6368102 1 0
509205624 1 0
18183917 1 0
1527091 4 4
814306 5 2
8091602 2 1
15757690 1 1
14312099 0 3
45933827 0 1
68762038 1 2
11334 2 1
48693089 3 0
557143602 1 4
234064468 3 0
25000290 9 5
114738427 2 2
149622343 2 2
27335801 3 4
199844360 3 2
196365883 0 3
31569479 5 2
23021979 1 2
47689027 2 3
228786825 2 5
280747281 3 1
272938743 3 0
290216175 6 4
271495538 6 12
263514193 15 12
74294087 8 7
233687955 16 7
285571521 6 6
292767542 14 2
26453558 10 5
236749048 5 14
270767794 8 8
224272024 2 5
162385517 2 8
248967064 6 5
19509652 1 1
165675053 3 4
171308352 5 0
27585831 6 8
248932073 7 5
39753512 1 6
28509196 1 3
28253718 1 0
68808413 1 0
193551973 3 0
5704862 2 1
58985584 2 1
287839981 1 0
21917973 2 0
14296723 6 4
793351 1 4
8108052 3 4
16350866 4 3
123320139 0 2
14745315 3 1
545753108 2 0
441328248 1 1
414665001 3 0
244938842 0 1
64816396 0 1
254321574 1 1
50887421 1 1
194354261 2 1
22329169 0 1
84133924 1 0
78467726 1 0
64418022 3 2
23696980 1 1
83755122 1 0
35919785 1 1
49137574 1 0
81656691 1 1
38967935 1 1
164433647 1 0
283239246 2 0
302397341 5 0
47854857 14 4
243630696 6 0
111057593 1 0
28363255 5 4
15468275 1 1
19362061 1 1
29533547 3 2
19613618 1 1
21116838 0 2
25491442 1 0
22523624 3 1
17308891 2 4
63827110 1 1
13799922 0 1
35613013 2 1
130877595 1 1
15584851 1 1
50620668 3 1
238657359 0 2
18047870 2 0
419779279 1 0
14995210 1 1
15062340 2 1
36109143 3 1
13764992 1 1
26641150 0 1
93579404 2 8
289042697 9 4
115520085 5 2
64011951 1 3
61682218 0 2
20383419 2 2
165842017 1 3
427723014 0 2
63077212 2 0
235386073 0 1
76299612 1 0
12695752 3 1
15599371 3 1
13116 2 0
13260 0 2
11541 0 1
217488200 3 1
73050189 3 3
123661476 3 0
74240598 0 1
61889023 0 1
179691230 1 0
25143948 2 3
78925893 2 2
130650476 2 0
212810973 0 1
434700953 1 0
25810548 15 6
16214045 6 4
260641289 4 0
112825848 2 0
14362575 6 7
24973996 3 1
24130648 3 0
91390383 0 1
23298808 0 1
15005676 0 1
30572722 5 6
14955344 17 16
36757972 4 5
15290966 4 2
86120067 3 3
102300277 2 1
15180686 7 4
101775511 3 3
6258042 9 7
405482317 1 1
373422039 1 1
389535040 1 0
27910336 0 1
73598917 1 0
14170924 1 0
64656259 3 3
320983129 2 0
19698923 2 2
22052855 2 0
255694820 0 2
39856357 2 0
377862490 5 0
136773266 5 1
14529724 3 0
15021031 0 2
162516323 2 0
465676673 1 0
230498574 3 5
153142335 1 0
193929442 1 1
67384506 1 0
22033794 1 0
68225321 1 0
312240023 1 0
167150593 6 6
259378270 3 3
59228196 4 0
128989152 1 1
263576813 2 2
110117428 1 2
246364399 3 0
71114673 0 1
15743700 0 1
485924782 1 1
43042986 2 4
21685894 0 1
78815877 1 1
413359972 1 2
178239989 1 0
18487428 1 3
19215993 3 2
16729099 2 2
314227065 2 1
18772408 4 2
154291841 5 6
14381574 1 3
15195150 3 3
21316848 2 2
157818542 1 1
218355549 2 2
291767815 1 1
51575022 1 1
208759600 1 1
159223609 1 0
260433129 1 0
353425916 1 0
168560126 1 0
83608448 1 0
393852070 1 3
36702477 0 2
196251283 0 2
100518634 4 0
183079085 2 0
60896075 1 0
86980896 1 0
17500393 1 1
94569164 1 2
196500142 2 2
36724533 0 2
14109475 2 1
21533722 2 1
129978583 2 1
14721706 0 1
15132110 1 1
64474358 2 3
104126903 1 2
157434337 1 1
122978402 0 2
142851768 1 0
50440750 1 0
1579391 3 0
325727410 1 4
21427278 0 4
59870340 8 0
97695104 0 2
93924188 0 1
278776000 6 1
169768183 0 2
9000912 1 1
130879506 3 1
285781005 0 1
221921187 1 3
40549958 2 1
263224927 23 3
47240171 6 4
21255194 3 7
86630861 2 2
18222599 0 4
181753489 3 2
16490974 2 10
104019971 5 0
62916636 3 1
19497677 3 1
86300007 3 5
353934486 4 2
18104476 3 1
80843684 1 0
20415960 1 0
162622594 1 0
52310798 3 5
231545675 3 3
170906002 2 2
66491235 1 1
193291779 3 2
67119770 1 1
17545498 1 1
102255218 4 0
383044849 0 1
192217741 0 1
17946886 2 1
19956523 1 5
276348332 7 1
68690235 2 1
309727424 1 2
85114893 4 3
74654261 0 2
279510127 2 0
83731215 1 2
39488895 5 2
20970926 6 5
100614511 6 4
39614123 4 3
21325880 0 8
33456706 4 3
14884004 0 1
25382450 8 3
24249821 7 3
227863795 10 2
50063127 3 1
41026098 3 3
46691170 0 6
7078732 5 6
351133275 5 2
47873827 0 1
14291563 8 2
28947545 0 1
115700178 1 0
55702084 1 0
39590891 0 1
54631530 4 3
219065620 1 3
180450786 4 3
126062877 2 4
177229224 2 2
16736650 2 2
40895426 5 3
258576165 1 1
119446730 2 2
269805726 1 1
231007190 1 1
339859282 2 2
87229901 1 1
153852656 2 1
210098167 1 1
78195681 1 0
142432988 0 1
30060242 1 1
647223 4 4
17398347 1 1
4542801 3 3
15166543 2 3
4393381 2 2
14404097 1 0
26376975 2 2
103421652 1 1
14249811 3 1
30811128 1 0
17960638 4 4
9423662 6 5
12538472 5 5
77712736 7 8
14291326 8 4
1277041 2 3
39164896 3 3
52556532 3 4
43328989 5 5
9570302 4 4
179059513 1 0
213903671 0 1
13831522 5 3
14342202 0 1
23636789 0 1
19753864 1 1
23629630 2 0
197560053 0 1
14565861 3 1
26956786 3 0
14858284 1 0
141279345 1 0
127782922 8 8
17689157 2 0
20421603 1 2
524463 2 3
1399231 1 1
14824385 1 1
763986 1 0
38135943 1 0
14425692 1 0
843711 0 1
121539516 1 0
25547397 1 0
22832029 1 3
42714831 1 0
72555359 3 3
394460725 4 2
16060735 9 7
30282704 0 2
33608041 0 2
7882592 6 0
15438005 2 2
5725652 1 0
309206712 2 1
9184682 0 1
9363302 1 0
16193542 16 1
13083622 5 2
14521981 4 3
427036632 3 0
22448729 4 2
463632548 2 0
11681802 16 0
276963941 1 0
20039230 4 1
191477840 1 1
413487212 0 1
56834816 11 5
23016199 0 7
51951241 10 4
44465753 3 4
128957132 9 3
32102005 9 4
215444266 0 1
33873372 5 2
44962272 3 9
32695475 8 4
21721401 3 1
22033274 0 3
47359148 0 7
71813739 0 2
51973995 1 0
85985832 2 1
7777932 2 1
95129400 1 0
109643356 0 1
19195733 4 0
99686909 1 1
31774760 1 0
1133971 3 3
1315011 6 4
18034357 2 1
86303282 3 0
7531832 1 1
38353 4 6
12661 5 3
18519524 0 2
26188455 3 0
75103342 2 0
137187477 1 1
16639702 2 0
23407635 2 1
116388817 11 0
8254982 1 2
85897690 5 2
30108503 2 2
77581855 2 1
151673759 1 0
24833731 0 1
85977550 2 2
41726079 0 1
97313569 1 0
80297299 13 0
216367403 0 4
76968686 3 2
17625522 7 5
16555481 5 0
23800611 7 4
61903300 5 5
39299241 8 5
18345963 3 2
88936426 2 1
103018203 0 4
13368342 1 0
34015638 1 0
32175870 1 1
37396276 2 1
16505525 1 0
15677650 5 1
123160974 2 1
21162492 1 1
78852440 3 0
128320890 8 3
19178857 3 5
15633 0 1
172793158 4 0
24550707 2 2
103541806 1 1
23145471 1 1
76702882 1 1
83008966 1 0
292324060 2 0
17185109 0 1
182268988 1 0
22349089 1 0
885611 2 1
12298152 0 1
41435895 2 2
107236336 5 3
33711024 0 1
6291872 1 1
18770310 2 1
18887526 0 6
233356779 1 1
65147931 1 1
188586381 1 1
448996567 0 1
90302375 0 1
20194941 1 1
42135344 1 1
7697472 3 2
17417121 2 1
374660408 0 2
31015514 2 3
18174186 2 3
28187573 2 3
275643104 1 0
30980755 1 1
68164927 4 0
68845466 1 4
49053258 2 2
73434013 4 2
144331692 1 0
29272924 1 0
127572002 1 0
181723409 4 0
53979915 3 0
182481395 4 5
172524209 7 7
72420530 3 3
310651459 1 1
147679058 1 1
82159002 3 2
65623202 0 1
131364612 3 2
58033175 4 5
249361546 3 3
201499968 5 5
65693114 4 4
111103485 2 2
222432705 0 1
257162866 1 0
162420686 2 2
172464017 5 5
247002646 5 5
171318249 2 1
197154656 1 1
97463613 1 1
19962737 2 3
14531164 2 2
156734320 1 0
27062951 1 3
9353422 2 0
206063829 4 1
259547871 1 2
265021248 1 2
42311985 0 1
29703865 2 0
80399038 0 1
223959754 5 2
22707147 5 4
61838384 0 1
93707337 3 2
326832066 0 1
137222452 1 0
22891420 1 0
126088259 4 2
116970668 1 0
211848704 0 1
109758140 1 1
18988799 0 1
28043 3 0
228854500 0 1
46521949 1 0
200773028 0 1
161761859 1 0
41130821 1 0
72071090 0 1
92092425 1 0
14213544 2 0
9956892 2 1
16602180 4 2
35246396 2 1
243333479 0 2
27796499 2 1
63228090 6 1
17284200 5 1
20984259 7 2
50002463 2 0
353824303 2 1
24234523 2 1
19494097 0 2
52331035 1 1
214153705 1 0
213745334 0 1
19114743 0 2
113633105 1 0
271310204 0 2
21089219 0 1
15384271 1 0
5900852 0 1
156261079 2 0
86563606 1 1
91448117 3 0
2317921 14 15
27512794 2 1
39825297 5 4
34556109 3 2
1563671 3 0
27721192 5 4
22722452 9 10
14966677 4 11
121795598 0 1
80937511 0 1
509130299 0 1
26535027 10 13
232033170 5 6
21149003 8 5
116539433 2 1
6164682 4 3
104002640 1 10
156984830 7 6
212155430 9 9
27521114 2 3
10333972 1 6
9763482 3 1
15145547 3 2
90071403 6 2
285198742 5 3
96208310 8 9
19371099 5 9
14063605 1 4
87779500 1 2
17308919 1 2
68174078 1 1
176774540 1 0
12652542 0 3
54188979 2 1
215089664 1 1
63334799 0 2
14775425 1 2
19152332 1 0
132809440 1 1
339968612 3 0
41084386 1 0
121520140 1 0
69656547 0 1
191594881 1 0
121215796 0 1
37909620 1 0
21787252 0 1
14532363 0 2
16312316 3 2
89026066 1 1
21458147 1 1
18891230 1 0
15520149 1 1
26373572 1 0
30949085 0 1
21174708 1 2
22334025 1 0
22638962 0 1
14705287 1 0
9822052 2 2
18279469 0 3
14774858 1 0
5525 1 0
83450402 1 1
54467758 1 1
34479708 2 1
15224402 1 0
191927203 1 0
19636959 0 1
7795202 1 0
278746956 5 3
15880884 3 2
26865509 1 1
23250947 1 0
79613352 2 1
149426168 2 1
106250418 0 1
16714448 1 0
212006583 1 0
22684480 1 2
28318908 3 3
190760946 2 0
48616495 0 1
54499639 1 2
127359707 6 0
26920166 1 0
765694 4 2
253973 3 2
17628437 3 2
11415842 1 1
231173053 2 1
405960130 2 1
383451821 0 2
126427420 1 2
238729128 1 2
398453569 1 1
24548650 6 0
252659822 1 2
373622208 2 4
250408941 2 3
24866239 1 0
126510360 2 1
221402863 2 3
215051592 2 3
19589086 0 1
33724407 12 6
29319777 1 2
35388869 4 6
113766686 6 5
266040555 4 4
145356475 5 5
38313584 2 4
156652502 3 5
50009606 1 2
36441704 4 4
286908007 1 1
470640651 1 2
274073595 0 1
39910783 1 0
178508259 0 1
192396145 5 3
217511904 3 2
22323452 6 2
23180819 3 0
333159474 4 0
19714416 2 1
41839767 3 1
71837784 0 1
91211615 3 1
38684785 3 1
34722951 2 1
46122746 2 1
18052452 1 0
7402662 2 2
15923226 1 2
52052011 0 2
43334545 1 1
39689218 0 2
145753894 1 0
108159877 22 0
20408557 0 1
122371074 0 1
242105719 0 1
213173218 0 1
93746096 0 1
35281724 0 1
411482466 0 1
230094900 0 1
192963833 0 1
488141609 0 1
146566254 0 1
48422317 0 1
65789579 0 1
60348578 0 1
26341298 0 1
7723382 0 1
325169943 0 1
362668618 0 1
123895988 0 1
43160689 0 2
362670034 0 1
126345156 0 1
431228220 0 1
87658559 0 1
27870527 0 1
14193730 0 1
46144288 0 1
117671022 16 0
132998576 0 1
123335502 0 1
12613282 0 1
59253387 0 1
86859709 0 1
4804281 0 1
15933987 0 1
19615995 0 1
23770107 0 1
6980232 0 1
23791204 0 1
36846612 0 1
46949032 0 1
381867437 0 1
180211806 0 1
235040616 0 1
100361358 0 1
312105296 0 1
287977299 0 1
34973485 0 1
25258210 0 1
535803548 0 1
261612386 0 1
131300145 0 1
22051456 0 1
26529631 0 1
493734777 0 1
84463170 0 1
18936233 0 1
17903357 0 1
258618447 0 1
22979061 0 1
22047070 0 1
181613510 0 1
175648411 0 1
162816854 0 1
27163774 0 1
332378036 0 1
74875669 0 1
46535700 0 1
20293840 0 1
66504150 0 1
480548725 0 1
378644447 0 1
24898406 0 1
18643227 0 1
282220379 0 1
18289316 0 1
133824534 0 2
479917792 0 1
102166611 0 1
103807223 0 1
520785775 0 1
490585866 0 1
197178807 0 1
540407653 0 1
22315906 0 1
36946876 0 1
6009212 0 1
26964910 0 1
14579546 0 1
14981622 0 1
239931037 0 1
44406858 0 1
151891517 0 1
165946114 0 1
48211314 0 1
125711688 0 1
56999787 0 1
62078352 0 1
16373753 0 1
162424619 0 1
18912594 0 1
57344940 0 1
51431802 0 1
105108617 0 1
397113150 0 1
15509573 0 1
14182140 0 1
21132431 6 0
19335425 0 1
24176502 0 1
31134503 0 1
15192462 0 1
28645754 0 1
8719482 0 1
244780790 0 1
416682684 0 1
8150752 0 1
320798884 0 1
1984701 0 1
451135171 0 1
36017818 0 1
33884596 0 1
64418855 0 1
19958836 0 1
85218122 0 1
325904593 0 1
34888855 0 1
23790454 7 0
21559947 0 1
23801791 0 1
15470403 0 1
218653398 0 1
151023922 0 1
258145892 18 0
232574324 0 1
57670965 0 1
176821441 0 1
43265510 0 1
251221957 0 1
249221058 0 1
257203923 0 1
78021630 0 1
20413251 0 1
45977080 0 1
327569507 0 1
26747930 0 1
401537988 0 1
102711866 0 1
131197947 0 1
374670902 0 1
114506138 0 1
232998970 0 1
20299704 0 1
323939337 0 1
20315842 0 1
15835427 0 1
42751217 0 1
58483034 0 1
66607538 0 1
309096216 13 0
324663507 0 1
363238963 0 1
335686256 0 1
250080819 0 1
128480794 0 1
32443601 0 1
59980857 0 1
30970675 7 0
17815591 0 1
130510920 0 1
31186367 0 1
16851206 0 1
194991903 0 1
309122206 0 1
153048672 0 1
18956020 0 1
14217022 0 1
33080832 11 0
191642317 0 1
39882047 0 1
276155419 0 1
233961330 0 1
160519670 0 1
17032077 0 1
43433064 0 1
328733018 0 1
35432497 23 0
24918905 0 1
33588577 0 1
11937032 0 1
28795411 0 1
17839019 0 1
35506246 0 1
33960929 0 1
18016151 0 1
35293231 0 1
29404464 0 1
29172137 0 1
19178294 0 1
27157127 0 1
15206725 0 1
36016297 0 1
18507292 0 1
27408201 0 1
28074386 0 1
9679202 0 1
36005202 0 1
33464788 0 1
174952474 0 1
547172871 0 1
213468464 0 1
18733164 0 1
15912123 0 1
437300342 17 0
476316550 0 1
56679995 0 1
50877931 0 1
165295757 0 1
89596003 0 1
243061807 0 1
17375680 0 1
688583 0 1
23312461 0 1
112848373 0 1
122364666 0 1
394252706 0 1
21246169 0 1
45609930 0 1
63774621 0 1
115692784 0 1
28880788 0 1
135429318 0 1
172814159 0 1
219842369 0 1
40399584 0 1
39825463 0 1
165889777 0 1
69624952 8 0
263209316 0 1
264281499 0 1
123082578 0 1
94915681 18 0
374146230 0 1
170221902 0 1
53115044 0 1
435241434 0 1
