151338729 172883064
254839786 270449528
172883064 270449528
204317520 265077741
204317520 172883064
204317520 151338729
270449528 257236842
229425177 254839786
254839786 265077741
257236842 254839786
204317520 149538028
115221382 288485704
270449528 149538028
151338729 257236842
265077741 151338729
204317520 254839786
152388029 112939321
200559228 254839786
112939321 149538028
149538028 229425177
261447035 149538028
115221382 257236842
112939321 172883064
229425177 270449528
172883064 254839786
200559228 270449528
151338729 229425177
151338729 254839786
112939321 204317520
229425177 204317520
200559228 151338729
204317520 270449528
152388029 172883064
172883064 149538028
254839786 149538028
288485704 112939321
292598082 270449528
270449528 151338729
254839786 292598082
2705 792998
61065794 230505689
102364313 226516599
102364313 61065794
226516599 61065794
112819301 181288376
61065794 181288376
164422299 112819301
181288376 226516599
181288376 240944206
61065794 112819301
240944206 61065794
226516599 112819301
181288376 102364313
40791597 47799910
31067157 18709570
405323682 333709376
7861312 16908436
31067157 16038438
405323682 20747847
179278975 16908436
20747847 21158690
40340464 16038438
16038438 333709376
324546502 290656947
16264063 268479669
16264063 207936757
268479669 207936757
1294741 18142375
21697211 18142375
18142375 37883682
1269251 6277512
6194262 6745742
6745742 1269251
44114848 19649303
115965772 24866186
417622555 286012612
88971791 292970754
233909647 34684258
238308325 17564647
292970754 146867687
233909647 146867687
88971791 61598133
238308325 422253889
452342492 50901147
17564647 422253889
61598133 292970754
100383683 99066209
100383683 116379446
99066209 116379446
14129299 21982720
813286 16637198
17567533 21122950
17567533 15859033
15859033 21122950
17567533 38762773
17780580 17567533
813286 14129299
38762773 15859033
18194898 20060293
37792861 14630319
18713254 7861312
14998938 172768360
88617158 23027237
23027237 16252002
444895340 251261925
251261925 360245938
67348022 46750053
69641958 251261925
46750053 251261925
9917552 20177423
17469289 36451558
17469289 20177423
14288822 9917552
18742076 42634830
31268403 18742076
55631487 26511852
31268403 145472611
55631487 56026822
31268403 26511852
146598800 18953266
247565758 175087260
2904691 26597332
132834166 28960709
25473689 28960709
132834166 22273748
127178017 28960709
203783262 282447785
28960709 474589602
474589602 25473689
70600914 22273748
373123978 282447785
22273748 35701370
25473689 132834166
17595759 15249238
305512397 263723790
6368672 15773675
18285245 14269220
19010126 15577905
59804598 19010126
19010126 35407584
19010126 127437545
15849055 14917050
250906649 15849055
35407584 15849055
15849055 38939069
15849055 307629880
252712327 35407584
15849055 127437545
35407584 38939069
362888622 172085164
35831704 24278900
35831704 172085164
17174309 35831704
24278900 17174309
23272358 49997792
28120317 16186743
23272358 24233316
16186743 23272358
24233316 58113278
16186743 49997792
58113278 23272358
16186743 24233316
23272358 20801235
20801235 58113278
71599012 18739697
49997792 58113278
28120317 23272358
20801235 16186743
24233316 20801235
18739697 33940986
49997792 24233316
15435220 7861312
9531232 6037682
300027658 238308325
59804598 17632072
59804598 238308325
229706893 300027658
59804598 38492717
20747847 59804598
23140494 155976326
17986155 59804598
59804598 229706893
124524869 19622462
14220046 23027237
14220046 101008987
20060293 107172099
18194898 107172099
119897041 20060293
119897041 18194898
14208982 19469924
114340234 19469924
14208982 18148907
32520177 6374602
14355964 14208982
114340234 6374602
14355964 114340234
46319532 20060293
20060293 6374602
114340234 14208982
19469924 14355964
6374602 14208982
18148907 18194898
46319532 6374602
42828152 20611320
113751683 35722372
19563357 35722372
35722372 59804598
59804598 19563357
276905731 113751683
276905731 59804598
167112946 71827867
73745407 365103804
354717831 288485704
16213013 27970832
71827867 288485704
167112946 354717831
36750478 15094659
15094659 7458942
21685295 36750478
36750478 123565032
7458942 21685295
36750478 19364964
7458942 26299078
26299078 17899109
15094659 123565032
15094659 26299078
36750478 26299078
21685295 26299078
7458942 123565032
36750478 7458942
19526770 21642976
40708033 11696732
18142375 11696732
18142375 22460658
57615171 18124625
18142375 17483462
40708033 19526770
17483462 57615171
11696732 19526770
813286 18124625
22460658 21642976
19526770 22460658
21642976 17483462
28617554 23027237
15311166 22396371
28617554 240926153
28617554 25254052
23827692 18682397
87874905 433873546
16831715 108993961
14269220 16831715
8346982 187197078
13196662 8346982
5606492 14502775
14341671 5606492
14550264 13455472
13761042 14502775
86970580 177593483
41476892 14783304
15993038 14783304
20495756 15993038
466830475 28539301
311214131 55488516
28539301 121063287
28539301 311214131
55488516 28539301
14783304 20495756
37878753 15993038
466830475 311214131
121063287 311214131
55488516 466830475
466830475 121063287
37878753 20495756
12591 7738402
16633144 32460344
7738402 656673
656673 7826472
168453874 60591163
12591 656673
7400342 2060631
12591 17648193
60591163 44004358
7400342 656673
7400342 7738402
7400342 17648193
2060631 17648193
14474785 32460344
40813518 52832085
195934431 52832085
52832085 46553113
195934431 40813518
40813518 46553113
18803775 130155510
25276905 173282921
173282921 130155510
21651598 25276905
25276905 16793368
59836995 16793368
59836995 14152810
128528922 25276905
130155510 21436558
25276905 104548229
59836995 104548229
25276905 23497893
59836995 21651598
59836995 25276905
21651598 104548229
14152810 21651598
59836995 21436558
18803775 104548229
16793368 130155510
15271655 25276905
130155510 21651598
104548229 173282921
130155510 59836995
25276905 18803775
59836995 173282921
18803775 16793368
18803775 21651598
16793368 21436558
104548229 21436558
14152810 25276905
18803775 21436558
21436558 14152810
21436558 173282921
130155510 25276905
104548229 16793368
64503060 15271655
21436558 25276905
36385076 155976326
155976326 31037985
27155383 19982092
1294741 23217907
309754474 151505240
166747718 161966800
121295290 306265180
22317432 278109079
306265180 151505240
102794589 278109079
121295290 151505240
27476898 328726293
21315721 5391882
16987303 14747507
16987303 21315721
20596035 16974572
307206030 213032194
422253889 77806232
213032194 17564647
77806232 238308325
87044829 307206030
219173613 295759517
422253889 213032194
27972426 27853622
250708662 17564647
238308325 250708662
87044829 238308325
87044829 213032194
87044829 422253889
238308325 213032194
77806232 17564647
250708662 213032194
87044829 77806232
140487396 219173613
307206030 77806232
422253889 250708662
171374806 27972426
87044829 17564647
87044829 250708662
13612732 13165
13612732 20463300
147386402 20463300
14327760 13612732
13612732 14283433
147386402 13612732
93927917 14283433
14283433 147386402
13165 14283433
14283433 20463300
14283433 28229899
28229899 13612732
14283433 30153287
14283433 14327760
16650023 18141016
18309277 19738459
11856762 312285643
813286 14183551
14050213 81501774
18638460 14183551
18638460 23404483
14183551 42900952
14050213 42900952
39693835 14183551
39693835 16365403
16365403 18638460
9313022 16365403
81501774 15805171
42977712 213350034
35206553 42977712
213350034 35206553
19550535 19738805
31067157 123153760
31067157 19738805
17995419 123153760
19550535 12223
31067157 17995419
31067157 27531390
7738402 34163
11231232 12555
12555 823129
134935099 11231232
65114531 14467403
2223571 666073
7738402 13931982
14467403 7738402
12555 7738402
666073 12555
19579205 222040026
523173553 525952691
47 6160742
586 6331462
6160742 586
24560836 17587207
100649666 111164068
111164068 38214426
25421732 100649666
95332892 111164068
141021153 25421732
111164068 141021153
141021153 290097288
25421732 111164068
100649666 141021153
39141427 72753148
34082952 23477141
15428227 47723728
1891381 2729061
16892481 17595439
2729061 17595439
17595439 11107172
2729061 7842902
79676954 20465564
78034746 17092592
108931405 78034746
20465564 423385493
17092592 20465564
19676802 78034746
108931405 17092592
19676802 20465564
19676802 423385493
19676802 79676954
19676802 335343438
27870530 22120066
84421229 15160273
84421229 76771932
7875762 47161442
28856770 56955361
47161442 19370213
185512077 7875762
185512077 15160273
15160273 7875762
15160273 47161442
84421229 47161442
7875762 19370213
185512077 47161442
28856770 76771932
76771932 47161442
191229219 195316132
71671576 234914530
25473689 111164068
36444947 15888142
15775214 15888142
36444947 16252002
183786731 256651717
68503464 366795440
183786731 366795440
386064033 183786731
386064033 366795440
386064033 176302452
347376996 366795440
183786731 52025380
338054017 68503464
52025380 68503464
148727717 366795440
389820347 68503464
386064033 347376996
68503464 386064033
53391112 31524543
257484939 17092592
17660341 16017251
81952694 16017251
386161471 80650549
386161471 86597957
14413075 7861312
813286 767396
1885511 813286
16364399 14335880
813286 14335880
507731256 191613738
32547856 17702627
70736917 35407584
32547856 35407584
35407584 26674923
70736917 32547856
246036834 245683115
813286 16001975
17959695 18270268
15222719 813286
813286 14596798
17959695 14749755
17959695 17913814
12591 4664501
6810832 12555
14503 656673
12555 656673
14503 16866701
7738402 4664501
12555 4664501
656673 34163
7400342 34163
7738402 14503
12555 7552082
16866701 656673
12555 16866701
12591 14503
12555 12591
14503 7400342
656673 4664501
7400342 16866701
34163 14503
4664501 7552082
14257869 12555
7738402 16866701
16866701 13276422
487698090 392197972
55873816 115751705
17587331 16522244
17587331 64069241
18698454 17587331
17587331 21415375
16522244 14443028
17587331 14443028
18698454 14443028
18698454 64069241
41530500 14443028
14766418 18698454
21415375 16522244
16522244 64069241
42923074 16522244
14443028 21415375
1891381 14766418
64069241 2109381
16522244 14766418
17587331 14766418
16522244 18698454
15933993 19523675
18698454 21415375
2109381 14766418
15933993 16522244
41530500 21415375
41530500 16522244
16522244 8875752
21415375 64069241
21415375 2109381
13104722 14521530
8708012 14521530
40349308 16562949
19624836 19092024
14521530 22575398
42637650 9771562
18628801 9771562
19766673 18628801
14892073 14458660
15869453 14458660
14208982 14458660
46319532 15869453
14208982 15869453
18479089 23095315
8162312 23095315
23095315 4733771
5388222 462357211
462357211 2891131
20941681 4733771
6598572 91718540
813286 9406452
13607 6598572
813286 16003349
17903702 14089595
6598572 14089595
13607 17903702
14089595 13607
6223132 6981492
46477415 21908150
16274879 62886136
15081306 1963821
14335262 14985228
15811487 15081306
14499127 14226805
107129460 14766418
7319512 1963821
15811487 1963821
23904110 19210139
14226805 14499168
15976255 410469035
17022234 13397502
23346663 18904121
14369901 195777968
12739092 16246065
813286 17740231
29403586 813286
19608297 21314814
81575608 20039889
82208992 46167548
16650023 82208992
14980820 16650023
16650023 88957553
14677998 14980820
82208992 88957553
88957553 18141016
16650023 16517711
2269701 18778944
14502745 3094401
3094401 835871
817288 879521
36823 6981492
817268 14132461
879521 14801863
11041 817288
817288 817268
36823 14801863
879521 36823
15903746 14801863
15903746 879521
21682707 813286
7566522 14724347
21682707 19118802
43011256 19216679
248929163 21173505
248929163 5423502
5423502 21173505
139531245 248929163
83423381 29088049
17358260 813286
284136905 29088049
15737386 813286
59804598 83423381
48132194 164087020
16303393 29088049
104489671 15861559
15861559 15135874
15861559 57903424
5576542 15861559
57903424 5576542
21116178 897351
157504724 30418870
193073314 156406287
32462148 32340023
28299971 28375496
74134553 32462148
18399652 20209459
467909899 20209459
12412572 20209459
21414413 27733550
17008726 20209459
5758642 15829144
17026041 17001524
15222806 17026041
1769551 17001524
15829144 15222806
17023344 17026041
17026041 1769551
17001524 39434755
17001524 15222806
16955436 17023344
17023344 15222806
17023344 5758642
17023344 17001524
16955436 15174477
15174477 5758642
1769551 17023344
158961178 159219605
34244280 17092592
17092592 42993311
17092592 19549883
18010854 813286
15987971 17092592
25928253 15368404
34244280 15987971
17092592 67020298
10505322 767396
2806761 343797833
506342927 389486164
45690012 124524869
124524869 389486164
389486164 45690012
506342927 45690012
124524869 15977848
324660438 389486164
162770758 324660438
506342927 124524869
324660438 45690012
506342927 324660438
82532813 120892393
292029321 55090226
67487321 59804598
186631937 82532813
22320889 27970832
15140362 15140284
23389509 22196442
113975798 93816184
93816184 14404449
51352792 140925207
23389509 51352792
93816184 17843533
21982720 16935292
22196442 93816184
16586811 17843533
17843533 113975798
16586811 93816184
17092592 15381612
3228691 1048651
27718312 14736168
7613282 14736168
1048651 14736168
22104535 63061469
24604813 22104535
126030998 15773675
79291414 27958687
139531245 27958687
8861752 813286
8861752 281257435
21131904 38764415
30064387 24617214
50325797 16129920
80617430 115710058
16892481 80617430
50325797 113420831
22685638 149180925
13784532 115710058
113420831 16129920
80617430 266187076
266187076 16892481
22685638 115710058
15731368 113420831
22685638 13784532
15731368 50325797
15731368 80617430
813286 17060769
2806761 75246510
39394932 15816424
17638336 17637553
17648193 16072024
17461932 14933478
14207200 14933478
17791350 813286
15382307 17791350
17791350 21065280
193257525 277295851
15070082 813286
813286 24163983
97127015 22593902
15318271 269247938
14485423 46319532
22127500 15318271
36765490 11232892
15001424 14794851
14794851 341315592
813286 14794851
17525171 36756075
13473852 1995371
88957553 15181199
38741006 84692450
27268937 84692450
213093237 287859665
8163442 35106619
105538252 287859665
196421725 193956929
246486755 377645199
346308376 246486755
287859665 482532023
193956929 213093237
3609021 14826124
14861784 14873835
14873835 141383571
26411479 185301542
4921861 15887110
4921861 15849055
258218804 84421229
17092592 61293513
15888142 813286
18799041 17092592
17092592 92034937
47161442 459412561
47161442 258218804
104585489 93006320
987681 8951502
10273252 14835889
817268 987681
817268 8951502
237056755 23694473
7861312 16069548
7861312 153457964
203226736 19167293
61588416 21905301
316832383 22420134
15741208 16334139
227037531 29057694
171168170 316832383
316832383 203226736
19167293 316832383
132585908 203226736
132585908 266580182
22420134 203226736
16334139 21905301
227037531 19167293
15741208 203226736
59804598 281347318
521909535 87044829
87044829 297683673
87044829 41627038
297683673 250708662
40333354 92283370
23899556 15921060
92283370 54368387
15921060 51256216
22075819 29338157
54368387 51256216
28878624 92283370
19738805 43929488
43929488 31067157
18207202 15641259
232818548 270449528
231490657 149538028
79253197 270449528
151338729 79253197
204317520 231490657
270449528 447119980
151338729 447119980
49114409 23258851
49114409 7832982
15933993 49114409
49114409 26649958
4366031 49114409
146573101 7832982
165821961 23258851
26649958 7832982
4366031 15933993
7832982 15933993
185106915 26649958
35406821 21505330
21505330 382823424
31067157 35406821
813286 10759032
322906622 31067157
297064190 21505330
14116195 140477628
21505330 31067157
586 1075
17595439 266187076
36823 1084
586 36823
586 817288
11107172 14118608
1084 586
5702 36823
1075 5702
11107172 817288
586 5702
586 817268
36823 17595439
101204352 285762606
112939321 101204352
101204352 217856118
143169862 160565602
143169862 170922633
143169862 172883064
172883064 217856118
217856118 160565602
143169862 285762606
174787160 166153909
112939321 217856118
5452672 813286
19637701 15450986
59804598 164686885
19162933 155976326
8254252 813286
19162933 286012612
27178298 813286
38492717 164686885
5452672 155976326
19162933 813286
23140494 5452672
19162933 417622555
11228702 6374602
11211792 6456482
6456482 6374602
26572460 6374602
6456482 11161852
15726728 6374602
11161852 6374602
26572460 6456482
16069548 15252736
16069548 180489407
133315738 11183772
133315738 15252736
15435220 16069548
11183772 69661906
15435220 15252736
15252736 7861312
86157495 16243471
17418971 11183772
69661906 16069548
10505322 16243471
16069548 30535561
16069548 17714569
133315738 16069548
24560836 86157495
16069548 11183772
133315738 15679119
180489407 16243471
250376643 17714569
15679119 16069548
14451892 22900797
14269220 16660064
14451892 59804598
14269220 59804598
18838035 24673002
22900797 14269220
388952222 15983991
39506306 46409572
39506306 128246454
217195997 128246454
15983991 14586604
128246454 388952222
15983991 64840773
15983991 46409572
217195997 15983991
128246454 62501328
15983991 62501328
15983991 39506306
15983991 128246454
10115042 15567576
19550535 813286
813286 15567576
15567576 19550535
813286 12101862
10115042 813286
367661207 16617693
235766196 23878044
813286 22362068
16158496 28056344
25784423 24938230
20571654 13229902
133315738 13229902
20571654 133315738
23800248 25784423
23800248 92409018
25784423 147793150
16069548 13229902
32398059 25784423
17632320 24938230
32398059 23800248
20571654 16069548
14458660 11107172
14999606 17092592
14999606 13862162
34244280 13862162
34244280 14999606
17092592 16651072
14999606 16415670
16651072 21158690
16651072 14999606
17092592 13862162
17489445 33601151
29311785 78389587
235766196 14269220
18181487 235766196
5906322 14269220
11253262 471963
471963 839321
839321 36823
15859039 471963
19471361 8834612
14208982 6456482
14208982 80523
13607 18681592
9406452 17870501
74499126 200606907
143169862 110760237
121570037 143169862
121570037 110760237
147665130 143169862
143169862 129631184
147665130 121570037
110760237 160565602
110760237 172883064
5576542 111492860
15418343 111492860
7218552 6370862
17821671 22596969
31067157 184146952
84114921 175767720
31067157 175624200
469357690 19162933
89826562 17821671
22596969 89826562
114384624 14355610
14355610 14269220
14355610 16660064
20165052 36471939
84155547 19006707
24297552 18382692
69816513 16038438
58129878 40340464
307044653 16038438
16038438 58129878
40340464 24297552
69816513 21158690
467966761 69816513
58347421 4267411
58347421 325641978
64069241 394380766
14711937 14359507
2806761 14372486
23827692 15888142
149538028 40076725
151338729 40076725
72357609 172883064
247583674 257236842
172883064 190833564
257236842 72357609
143169862 190833564
72357609 288485704
388556323 200559228
14917050 4921861
4921861 127437545
526216513 12223
14550264 1689591
19118802 83451356
22292456 141021153
88454202 19118802
71478544 59804598
19118802 174273365
59804598 144320202
144320202 163739424
168231881 163739424
195851893 101370287
1775861 15252736
220955782 16249596
27778893 23027237
35206553 23027237
14630319 27778893
101370287 17908655
35206553 17133173
1775861 15435220
42977712 96890549
15252736 38056617
195851893 17908655
27778893 35206553
14630319 38056617
173965448 23027237
96890549 35206553
14630319 15252736
101370287 36778012
101370287 27778893
17133173 28061932
35206553 173965448
17133173 23027237
28061932 42977712
101370287 16249596
28061932 23027237
38056617 15435220
42977712 23027237
96890549 101370287
14630319 35206553
14630319 96890549
19526770 3943871
17368639 18142375
17483462 3943871
1294741 19526770
14281853 1294741
18142375 14281853
3943871 813286
3943871 18142375
14281853 813286
3943871 17368639
17483462 19963701
19526770 14281853
1294741 19963701
17368639 813286
14224719 17368639
26727655 14224719
18142375 19963701
813286 16600626
14224719 16600626
14224719 19526770
4898501 3943871
11232892 15869453
15869453 26572460
111164068 175633082
16032577 111164068
175633082 248929163
85718756 175633082
174768030 84200495
45951258 85718756
85718756 50640633
16032577 174768030
19089252 111164068
52205516 84200495
19089252 16032577
175633082 50640633
84200495 111164068
230282119 111164068
111164068 37876253
30086507 19089252
111164068 30086507
86204900 18940128
13559692 18940128
6023362 13559692
15962697 10922662
3375481 10922662
13559692 33753936
18940128 10922662
18940128 33753936
18940128 14244465
6023362 10922662
3375481 18940128
6023362 3375481
260275101 10922662
3375481 14244465
10922662 86204900
86204900 13559692
13559692 10922662
3375481 17092592
86204900 33753936
3375481 13559692
14244465 6023362
3375481 33753936
33753936 10922662
10922662 17092592
813286 6331462
813286 18006698
8596022 14850955
813286 8596022
56623 8596022
56623 15150828
8596022 9759932
813286 15671992
165908478 40076725
40076725 204317520
270449528 327102622
173468248 149538028
254839786 216088014
327102622 254839786
270449528 216088014
216088014 151338729
327102622 149538028
1445981 14309129
56278217 59804598
20796323 19668592
14622694 44946555
14050235 44946555
219152459 236699215
33787115 31537029
236699215 19089252
236699215 33787115
14722564 15816424
210747974 459898457
16129920 20479813
19851359 17416267
20571654 15788309
9406452 133315738
15435220 179278975
16069548 31477608
15435220 13229902
9406452 16069548
19703935 9406452
19703935 16069548
14416552 13229902
31477608 133315738
16566306 17397762
45466925 19222164
16430887 15224719
23602815 18201114
42993311 101721302
234533857 104084647
76038813 272016961
104084647 272016961
46002379 15192772
27531390 46002379
18185593 27531390
19117113 15111448
417622555 70600914
42547398 47424517
19976756 90452330
90452330 44431366
44431366 19976756
24744179 90452330
26825852 19976756
22941372 188962593
14801863 15510569
33572600 25940364
14269172 15510569
47161442 179278975
47161442 14269220
19622462 47161442
160565602 159294262
18225966 813286
16896485 813286
366971503 15905103
14985228 366971503
19345378 90972884
404441601 45177955
435551972 279393981
32547856 8918012
45177955 70736917
112939321 261434167
143169862 490922827
112939321 490922827
101204352 261434167
112939321 167112946
172883064 167112946
490922827 383830013
383830013 101204352
143169862 261434167
490922827 101204352
383830013 167112946
383830013 112939321
383830013 143169862
35831704 29663668
17019152 17174309
29663668 17174309
19668592 813286
35722372 235766196
235766196 59000613
35722372 14339261
35722372 59000613
35722372 167561718
6877722 14458280
9814222 8596022
8596022 14458280
11489 14458280
6877722 14603011
9814222 30008826
14458280 9814222
8596022 14603011
70096167 30008826
9814222 6877722
8596022 11489
30008826 8596022
8596022 6877722
322690327 385587514
507288463 167112946
385587514 140640190
360245938 385587514
288485704 262182509
185331750 385587514
262182509 200214366
357866811 167112946
262182509 167112946
140640190 507288463
288485704 357866811
385587514 322687731
185331750 322690327
357866811 200214366
507288463 288485704
357866811 262182509
385587514 507288463
15668559 10350412
35722372 14609321
84200495 35722372
10350412 111164068
10350412 84200495
35722372 111164068
15082762 14888217
784304 15381737
65289126 16373202
27531390 14667714
488061226 14667714
300532683 290097288
141021153 31524543
5423502 35722372
35722372 141021153
111492860 14631433
120892393 169112757
24793429 33519870
27998627 169112757
87478141 23826838
57435204 21315721
120892393 18234247
169112757 150347034
87478141 24793429
57435204 30981586
7027282 56493501
33519870 1258391
42977712 30981586
14058735 19638752
1258391 14747507
30981586 21315721
18234247 19638752
150347034 55270849
169112757 33519870
87478141 18234247
169112757 25019166
87478141 19638752
56493501 18234247
42977712 120892393
169112757 42977712
87478141 56493501
7027282 55270849
57435204 7027282
150347034 24793429
27998627 150347034
56493501 30981586
14058735 24793429
30981586 120892393
14058735 169112757
14747507 33519870
55270849 25019166
169112757 57435204
14058735 14747507
87478141 57435204
18234247 24793429
120892393 19638752
169112757 24793429
1258391 56493501
30981586 150347034
21315721 42977712
57435204 18234247
21315721 150347034
55270849 24793429
18234247 55270849
57435204 42977712
24793429 19638752
7027282 87478141
33519870 25019166
14058735 120892393
120892393 56493501
55270849 120892393
120892393 24793429
14747507 18234247
120892393 150347034
55270849 57435204
120892393 14747507
87478141 150347034
18234247 30981586
56493501 169112757
24793429 57435204
56493501 57435204
30981586 7027282
55270849 56493501
30981586 87478141
14058735 56493501
169112757 21315721
33519870 14058735
21315721 56493501
18234247 33519870
56493501 33519870
87478141 169112757
57435204 120892393
18234247 169112757
21315721 120892393
33519870 120892393
169112757 30981586
14058735 18234247
30981586 25019166
55270849 30981586
150347034 25019166
24793429 21315721
55270849 19638752
310058709 14228208
25371730 15532765
82208992 15532765
28097924 15532765
14750983 15532765
135579990 14980820
14750983 82208992
15532765 23324461
15532765 46167548
15532765 88957553
58447555 111164068
84200495 208942635
58447555 59804598
100649666 35722372
298587541 84200495
141021153 60943588
104352067 35722372
298587541 35722372
104352067 59804598
31524543 58447555
298587541 208942635
58447555 141021153
35722372 24482785
104352067 47161442
60943588 31524543
14558385 22595031
22595031 22745706
62059086 20332925
14565565 16740151
94877567 20509649
14558385 17087191
22595031 94877567
16740151 18079495
18079495 18084906
19353750 21744518
62059086 21744518
20332925 18084906
62059086 18079495
20332925 20509649
21744518 18084906
18084906 62059086
152741998 171681366
169982466 152741998
16987555 47282396
47282396 75521184
172530816 152741998
157218534 171681366
168759944 382232560
16987555 75521184
16987555 152741998
171681366 172530816
168759944 280028950
16303871 17552020
813286 1222621
44402429 78039441
33059408 21902226
15859039 14458280
813286 14877628
15859039 16336077
14458280 16336077
21902226 30207781
73545592 44402429
16336077 9814222
77275653 66204908
58569776 34991732
56856558 15216270
52835221 15216270
47393360 36765490
55873816 130047324
130047324 15822493
130047324 39600392
319576850 55873816
96060682 166699208
16974253 50892530
75944654 11703722
51698866 166699208
40289734 166699208
14862017 50892530
96060682 75944654
53150331 21349535
254839786 355704786
241715867 301186183
204317520 224160357
270449528 387439469
216088014 229425177
101204352 254839786
149538028 217906657
265077741 216088014
204317520 342388972
101204352 204317520
224160357 229425177
204317520 217906657
216088014 224160357
216088014 101204352
189952416 270449528
254839786 224160357
270449528 224160357
15861559 347788405
169921002 182883839
265479915 15861559
265479915 347788405
21952872 16005250
180509355 18713254
178456134 50735431
68503464 235146909
235146909 386064033
9313022 15086499
3200541 9313022
9313022 16813929
9313022 17324205
3200541 17324205
108508328 31639623
197341208 19006707
19006707 21645304
108508328 19006707
19981036 53395621
71600011 19981036
97008128 19006707
31639623 19006707
97008128 50965086
813286 21645304
19981036 19006707
31639623 19981036
25180057 60092902
21460249 25180057
60092902 44383122
44383122 25180057
44383122 21460249
30086507 55793637
171108403 30086507
82775046 15582088
19519021 15582088
82775046 19519021
250376643 19519021
15582088 250376643
82775046 250376643
32547856 19010126
17092592 2747211
33010760 17737498
15209941 9247852
813286 26058342
130559528 131935531
113470669 25492883
113470669 130559528
27835859 25680767
133272665 20157590
133272665 25680767
20157590 25680767
27835859 20157590
25680767 25492883
27835859 276991796
25492883 130559528
25680767 130559528
27835859 130559528
133272665 130559528
20157590 130559528
25680767 113470669
25680767 276991796
131935531 25680767
154602438 30979533
20578176 409628807
87697628 409628807
409628807 77306913
22037477 87697628
18148282 22843068
22037477 54997681
77306913 87697628
21139132 18148282
20578176 77306913
18148282 236657680
20193243 339875129
54997681 87697628
77306913 22843068
62831503 19388771
442587710 358030466
350322420 490922827
350322420 101204352
101204352 357866811
350322420 392251125
392251125 490922827
122703083 490922827
27711706 20958456
249996933 458341610
78034746 249996933
30982580 299926425
236699215 35722372
14260655 15816057
54476281 216977719
30982580 15816057
19089252 35722372
195934431 14609321
14609321 10115042
299926425 19089252
19089252 195934431
202037047 10115042
14260655 16807882
195934431 30982580
299926425 14609321
60972923 78569026
3299561 15160273
108908302 3299561
3299561 7875762
108908302 15160273
19302265 2450021
113975798 56431113
56431113 93816184
17843533 56431113
348278208 16815619
11856762 33669807
16815619 42897096
11856762 16815619
25473689 47161442
33669807 348278208
9272 14540042
17995580 18988466
15759166 47161442
19622462 15759166
45690012 47161442
19014804 29806910
16803196 16522244
16803196 14443028
64069241 16803196
15961191 64069241
17587331 16803196
22749632 25527966
14220046 25527966
34793170 21414413
25527966 21414413
74622259 20379995
20379995 18829102
22661707 20379995
31200707 20379995
182101865 20379995
208062005 20379995
20379995 14500804
20379995 304233994
14803917 21778842
10350412 195938803
30086507 195938803
195938803 111164068
20690398 18713254
19089252 17426542
10350412 30086507
240657729 59804598
148914977 282622795
111164068 262045931
111164068 220861472
120892393 114890849
417311399 234485146
226426309 234485146
120892393 234485146
120892393 36756569
240393947 234485146
145950327 24793429
114890849 57435204
226426309 120892393
114890849 24793429
234485146 24793429
226426309 280919733
234485146 36756569
24969285 16703744
17092592 171693385
17424872 17092592
17424872 23793447
19185333 16334139
22814630 19185333
197272283 28960709
25473689 197272283
17401717 16161210
813286 18201114
813286 6708412
103096174 16161210
40893066 30007505
343918825 20495756
30007505 18729482
30007505 63010830
74796174 30007505
23776156 74796174
93146357 21158690
14269160 7875762
14269160 15160273
66530713 15160273
66530713 7875762
19976980 19027116
107867162 19027116
19027116 166663563
15876654 42584178
105223 18184416
19738805 15876654
15861559 6830712
14524297 232676888
20466609 24644909
232676888 18324005
232676888 14443028
16542981 16979946
16542981 104489671
20466609 12730882
15861559 18324005
18957239 16979946
18324005 16542981
49086693 12730882
15861559 36964520
49086693 23516324
18957239 16151653
14443028 237985689
18957239 16542981
232676888 16979946
16542981 16151653
23516324 232676888
232676888 12730882
232676888 16542981
243874674 301863759
324546502 243874674
548020172 324546502
301863759 324546502
191750596 16065736
16065736 40297195
50740810 76512809
50740810 18708568
76512809 18708568
30451960 21071513
234082615 92319025
200214366 112939321
211933541 200214366
92319025 120182604
172883064 234082615
211933541 210072500
234082615 217856118
120182604 217856118
92319025 112939321
211933541 92319025
22644063 62557485
112939321 234082615
200214366 234082615
8163442 62557485
112939321 110760237
92319025 288485704
172883064 200214366
217856118 200214366
234082615 120182604
8163442 22644063
22981846 39394932
18709570 22981846
12223 39394932
16871637 19550535
8888672 19550535
39394932 19550535
16252002 14413075
16871637 18709570
8888672 16871637
18913179 19550535
18709570 19550535
22981846 19550535
39394932 18709570
39394932 16871637
16871637 22981846
8888672 39394932
39394932 18913179
177564924 76831143
6666312 17511527
5309462 17511527
5309462 6666312
17230018 17511527
20152310 17511527
282348945 177564924
177564924 325583724
5938412 17511527
325583724 282348945
20152310 5309462
17230018 5309462
5938412 740983
16332223 98731745
230484387 272652543
114607362 138618802
114476572 114607362
138618802 141713916
152065057 113751683
35722372 152065057
22292456 58447555
104352067 14609321
22292456 100649666
204317520 97088346
17567533 16983297
17567533 484299228
17567533 193483797
17567533 13555802
15335123 17567533
280049106 380503334
350322420 322687731
322687731 232907264
107790914 101204352
107790914 380503334
350322420 280049106
380503334 101204352
322687731 380503334
232907264 350322420
350322420 220712849
350322420 107790914
232907264 220712849
107790914 280049106
107790914 232907264
220712849 322687731
280049106 124866710
124866710 232907264
20448733 20281602
206101355 82140652
71273003 82140652
17597716 25869468
20448733 17597716
17597716 20281602
206101355 71273003
40703164 19927627
2729061 9340912
813286 1511081
26011572 7861312
16543012 1511081
40703164 16543012
813286 22851036
19927627 9340912
813286 9340912
19927627 22851036
14173652 21201598
144218227 16018285
195305346 14173652
48903480 178456134
195305346 48903480
164686885 372084834
23066251 164686885
38492717 17092592
17092592 59804598
330552752 325911794
20611320 17133445
15231413 188046098
784304 18174804
29480700 48377518
45296039 18955413
385587514 505372527
357866811 217856118
200214366 227454804
227454804 262182509
262182509 190833564
262182509 217856118
190833564 217856118
85349324 227454804
190833564 200214366
85349324 217856118
217856118 227454804
27970832 20611853
14364626 39904933
148032978 52025380
386064033 420456892
38346612 62601901
86938734 148032978
16434105 43105737
32676724 47897905
20531146 14363353
43105737 122194011
147590684 20531146
16434105 47897905
43105737 20531146
16434105 32676724
14363353 16434105
66331720 43105737
43105737 147590684
122194011 147590684
92181077 35722372
17176990 290097288
35722372 15567576
35722372 430703073
92181077 213829863
35722372 213829863
17215276 21415375
27870530 19092024
5423502 428428152
150766782 772844
47846099 56184156
22981846 15861559
347788405 22981846
784304 23994280
14246892 25203129
25512981 18838035
18838035 5423502
499900026 211933541
404688845 151338729
404688845 204317520
499900026 200214366
112939321 404688845
16966381 18925386
17819033 17899109
17819033 300519766
20291791 31572616
55793637 197310509
64122735 3496641
3496641 19186071
67060417 219419701
67060417 6804822
19647125 63254895
23991440 19647125
12730882 17234024
92319025 71827867
383830013 71827867
310424126 383830013
194939391 383830013
92319025 322687731
101204352 92319025
101204352 260769396
310424126 112939321
321029545 383830013
71827867 321029545
321029545 92319025
101204352 194939391
101204352 341756256
310424126 92319025
388556323 260769396
321029545 101204352
101204352 310424126
71827867 194939391
112939321 194939391
260769396 321029545
383830013 92319025
92319025 194939391
210072500 357866811
210072500 332353057
357866811 374337374
227454804 112939321
231444167 433789613
251261925 433789613
433789613 374337374
181299506 115222629
181299506 112939321
219069031 6456482
14102076 58025433
58025433 14426487
11587712 177081090
177372465 177081090
177081090 14426487
193257525 111777598
171883639 177081090
14426487 14946893
14946893 177372465
177471917 177081090
177081090 14628172
177372465 14426487
46254908 58025433
14426487 14102076
177081090 14946893
58025433 193257525
15433739 14426487
58025433 14946893
46254908 14946893
177081090 19103586
193257525 14946893
14102076 14946893
313703817 81093
20240002 61040299
20291791 14539153
20240002 20291791
61040299 255790981
472390921 388692278
17092592 40645624
29374886 81093
14539153 20240002
20240002 255790981
20240002 31572616
20291791 255790981
266182056 31572616
270449528 46754170
14955620 27003337
17066312 27003337
14955620 17560195
117237387 17066312
198567769 17560195
34980364 17066312
17560195 17066312
813286 17066312
54546430 17451742
34980364 27003337
76936279 97465432
14955620 17066312
27003337 117237387
211933541 101204352
234082615 160779918
112939321 302768530
101204352 160779918
227454804 172883064
112939321 262182509
234082615 262182509
260769396 262182509
209735408 212247905
112939321 209735408
101204352 327102622
302768530 101204352
112939321 160779918
101204352 212247905
112939321 327102622
209735408 262182509
101204352 209735408
205009543 172883064
112939321 205009543
234082615 209735408
270449528 178805277
178805277 446010132
419160168 270449528
178805277 327102622
327102622 232818548
10647432 804261
693803 10647432
693803 804261
254839786 267425413
292290229 204317520
292290229 204690606
204690606 204317520
220988078 292290229
267425413 228881320
228881320 204317520
183545030 204317520
292290229 228881320
228881320 220988078
262809669 92319025
181299506 260769396
383830013 468931020
221338479 172883064
149538028 221338479
209735408 92319025
221731648 383830013
112939321 221731648
181299506 92319025
209735408 262809669
181299506 383830013
221731648 172883064
358387093 27853708
19670772 38699900
18220380 17006579
10292772 18220380
117802300 16898856
16898856 23793447
17424872 117802300
17092592 242202585
20571654 17092592
14087328 9705432
28267054 17092592
16898856 17424872
28267054 17424872
21145433 16560623
43822174 2729061
813286 15639558
9359222 43822174
15639558 43822174
15639558 19251068
2729061 16129920
16560623 9359222
17207272 9340912
16560623 15639558
43822174 14751849
14005532 69027629
69027629 255761021
15993038 343918825
177336885 84505452
14783304 84505452
15944708 177336885
152820428 66029528
13369452 18755970
18755970 16871584
17587207 23027237
18755970 25796104
25796104 13369452
13369452 16871584
25796104 16871584
393242944 286012612
327851931 394475305
393242944 179743459
282447785 63233369
135704870 98821255
394475305 135704870
286012612 179743459
282447785 286012612
393242944 63233369
98821255 286012612
393242944 394475305
179743459 79119341
135704870 79119341
393242944 282447785
393242944 98821255
179743459 98821255
135704870 393242944
179743459 135704870
327851931 286012612
327851931 393242944
25473689 7852172
135704870 327851931
79119341 394475305
135704870 282447785
151338729 355704786
151338729 388118957
254839786 388118957
333815274 151338729
333815274 204317520
254839786 333815274
219723179 42576711
270449528 333815274
172883064 333815274
388118957 204317520
25488031 132089187
30369538 44475539
44475539 25488031
30369538 132089187
44475539 132089187
17467682 70736039
30369538 25488031
268479669 18709570
59947068 1294231
46957051 16378486
145724592 68801460
22587869 1294231
19554219 68801460
16378486 22568011
68801460 123633259
68801460 59947068
16378486 22369057
16378486 31432492
22587869 78231411
56891751 22587869
1294231 16378486
22587869 22369057
123633259 1294231
16378486 17677636
123633259 22587869
123633259 16378486
16378486 59947068
22587869 17677636
16378486 78231411
16378486 19554219
22587869 16378486
21021166 114829367
21609473 114829367
21021166 21609473
63303106 29977036
32547856 268479992
813286 17198373
86823765 343797833
3496641 17578749
258280763 366849338
64122735 2806761
75246510 3496641
2806761 17578749
16120265 817288
19186071 86823765
2806761 86823765
3496641 817288
258280763 17578749
17578749 19186071
3496641 258280763
17578749 64122735
86823765 258280763
19186071 258280763
3496641 16120265
19186071 366849338
3496641 2806761
64122735 16120265
343797833 3496641
3496641 86823765
16120265 2806761
64122735 817288
194703864 18364847
13577212 24405149
26572460 24405149
11161852 24405149
26572460 36765490
24405149 36765490
200214366 101204352
92319025 303482442
101204352 256744683
256744683 92319025
92319025 153198631
17092592 61522899
208942635 208730285
177030011 116829229
209143637 255253245
28929267 28931013
28929267 21337712
28931013 21337712
27163503 4921861
14917050 15887110
35407584 14267965
127437545 15887110
27163503 15887110
35407584 474589602
32140588 44561295
42040091 32140588
63356332 14217624
64069241 14982451
14443028 479997925
14982451 18698454
320939752 14217624
320939752 63356332
14443028 16874685
320939752 14443028
38761811 17587331
14443028 38761811
22652938 20224976
20426515 115743614
22652938 19339490
46415678 70160230
19339490 20224976
35206553 57435204
8126322 42977712
185963016 14710589
14710589 42977712
35206553 8126322
57435204 185963016
813286 8126322
14092013 14710589
213350034 14710589
813286 25675498
14092013 42977712
213350034 185963016
35206553 169112757
213350034 57435204
14710589 57435204
185963016 169112757
14710589 169112757
57435204 8126322
499900026 221731648
256744683 340685089
217856118 256744683
120182604 221731648
211933541 303482442
211933541 256744683
152388029 217856118
499900026 459632171
120182604 256744683
116914779 66431262
116914779 27546808
446712660 282743175
259387453 26813101
27546808 66431262
390356722 390947575
327102622 248179455
267425413 342421694
446010132 267425413
270449528 267425413
342421694 446010132
270449528 342421694
151338729 342421694
342421694 254839786
248179455 446010132
248179455 270449528
149538028 242692217
446010132 242692217
446010132 149538028
327102622 267425413
101204352 242692217
327102622 342421694
267425413 149538028
16831715 72357328
219806343 115409651
133317553 15947348
15947348 16831715
81700833 18568431
18568431 813286
813286 8881
19793752 813286
813286 6487292
169572927 40076725
123417458 122530604
260705759 115192143
282862692 370819399
271662759 22745706
255790981 271662759
96551826 271662759
20240002 261171156
282862692 198732306
282862692 261171156
363382373 282862692
312265900 282862692
336269684 92319025
490922827 322687731
280049106 490922827
280049106 92319025
92319025 490922827
92319025 107790914
107790914 490922827
14539153 73381700
271662759 25797592
73381700 31572616
178874748 271662759
112939321 94083684
277171542 350322420
450952913 350322420
84609243 94083684
221731648 234082615
194939391 234082615
383830013 350322420
94083684 128299973
226228873 84609243
234470418 234082615
194939391 217856118
63258863 197548360
63258863 272002061
272002061 197548360
99467249 254839786
270449528 99467249
14801863 19087450
21149618 93816184
16349559 17843533
178456134 56431113
341260999 330678412
8438932 777925
1692881 23468302
666073 777925
666073 10273252
14602130 10273252
13166 666073
666073 23468302
18179447 42242439
10273252 13166
1692881 666073
8438932 10273252
31393 666073
8438932 13166
1692881 31393
8438932 666073
787864 18179447
10273252 31393
42242439 787864
14602130 13166
31393 13166
224160357 172883064
36823 1765921
7478612 1084
14876536 7478612
2729061 36823
36823 997
13860742 15051601
1084 14876536
383830013 230484387
817268 14521530
3496641 458655133
383558512 14145296
19550535 14187770
3496641 817268
104718222 317581133
29009790 25713189
245915466 323602128
73381700 266182056
104718222 73381700
25917741 35722372
91681244 93959777
21841724 25473689
28960709 13229902
5906322 17092592
79119341 21841724
25473689 13229902
34859464 17092592
17092592 217930063
167112946 343879647
340685089 262182509
343879647 101204352
190833564 167112946
382370111 167112946
221731648 101204352
167112946 227454804
350322420 262182509
234082615 340685089
159294262 167112946
190833564 159294262
350322420 382370111
262182509 92319025
159294262 217856118
159294262 262182509
167112946 234082615
71851394 227454804
230484387 92319025
92319025 350322420
256744683 262182509
340685089 343879647
159294262 256744683
262182509 221731648
109769483 38214426
38214426 220861472
220861472 374347717
113714296 157623011
315432213 183786731
19409006 38102814
19409006 20172221
18640668 20172221
38102814 20172221
24001954 38102814
16462661 57650649
16462661 115965772
29151815 115965772
115965772 421286008
54325840 267828234
59804598 79119341
272170644 54325840
79119341 333151960
20495756 84505452
177336885 20495756
149217510 18713254
65111341 15515673
10886522 813286
15745674 78419512
15745674 813286
15745674 15535730
15745674 78784199
5744702 14525652
14525652 31263739
223581250 92226678
111164068 120428242
208942635 15254423
24910422 223581250
208942635 223581250
22292456 223581250
24910422 22292456
92226678 371107639
92226678 208942635
141021153 71671576
371107639 208942635
79119341 313846689
113714296 46346085
18591927 282704372
113714296 144320202
104352067 127178017
127178017 282704372
18591927 236698395
18591927 271662759
127178017 272170644
127178017 79119341
49105052 282704372
49105052 79119341
144320202 141021153
46346085 20747847
104352067 19622462
6080022 104352067
191504048 24332709
20076561 22676390
813286 20076561
17169320 813286
20076561 24332709
22676390 65412757
813286 16060481
116308543 51835387
35067687 51835387
61525167 14306568
29480700 15383
18698454 12730882
14386631 20293613
15383 13700542
7373292 60741908
14386631 45036374
61525167 19890521
14306568 29480700
14386631 60741908
45036374 14306568
7373292 14306568
45036374 60741908
14386631 29480700
20293613 20452435
15656040 6016062
29480700 45036374
60741908 66836254
29480700 20293613
16522244 6016062
15810356 19890521
66836254 61525167
6016062 19890521
7373292 29480700
6016062 14386631
20293613 14306568
61525167 6016062
15656040 15810356
13700542 29480700
19890521 15383
479997925 21415375
19890521 15656040
15656040 61525167
60741908 20452435
61525167 7373292
29480700 20452435
38214426 293392015
151505240 38214426
341603426 17564647
87044829 341603426
309135583 341603426
293392015 359791673
309135583 281347318
5654722 767396
21672825 5033381
58238234 160522286
21540725 188025840
125502730 288485704
125502730 92319025
8163442 509143497
216088014 368527647
29480700 15422847
36444947 29480700
150086351 36444947
15422847 167063925
42926101 5906322
33051040 15422847
33051040 13700542
29480700 33051040
36444947 33051040
19407585 33051040
150086351 29480700
19407585 29480700
13700542 36444947
19407585 15422847
35761106 347732165
16088814 14539464
199796510 17451742
17451742 281530541
217742175 199846203
199846203 149538028
204317520 199846203
112939321 199846203
217742175 149538028
204317520 217742175
144320202 35701370
333151960 375407274
276551208 144320202
46671605 365843255
118205135 23260786
45772968 118205135
46671605 112004687
472442403 118205135
472442403 45772968
45772968 23260786
16201775 19995834
19995834 21689936
17092592 134889262
21093865 17092592
60108571 60178856
821142 38124754
19608297 356300701
19608297 397495448
19608297 14222536
77941263 265802800
73381700 20291791
73381700 20240002
73381700 387928178
175633082 165411431
20240002 556167733
52285847 61040299
556167733 13108932
165411431 20240002
271662759 20291791
13108932 178874748
111492860 15947348
18709570 15582769
16831715 18709570
16831715 190233732
18709570 14269220
190233732 15947348
14269220 18946688
18946688 52934175
15947348 18946688
554003471 464435768
379644023 343051634
320140485 512638904
464435768 466121896
464435768 320140485
379644023 320140485
394239302 320140485
343051634 360268721
360268721 320140485
343051634 351641666
320140485 319625617
321096972 343051634
343051634 464435768
319625617 284681556
464435768 524620711
321096972 395472453
466121896 394239302
351641666 320140485
394239302 554003471
394239302 464435768
284681556 50042330
343051634 466121896
395472453 343051634
394239302 395472453
397322647 343051634
397322647 320140485
320140485 343051634
395472453 360268721
379644023 395472453
320140485 466121896
464435768 512638904
349741737 320140485
512638904 394239302
379644023 397322647
300012435 351641666
349741737 343051634
321096972 397322647
300012435 284681556
321096972 360268721
321096972 349741737
394239302 343051634
321096972 464435768
466121896 554003471
466121896 524620711
321096972 284681556
320140485 395472453
379644023 321096972
320140485 321096972
379644023 398462787
284681556 320140485
184426481 50042330
554003471 320140485
300012435 320140485
466121896 512638904
351641666 321096972
321096972 466121896
398462787 343051634
124079873 427603063
8002822 15149791
16384688 309237384
16384688 336586492
16384688 19412541
27935501 354569107
16631253 27935501
360169494 27935501
25453503 27935501
14005532 62804806
14609321 41598554
14609321 39394932
15411162 39394932
17124747 16871637
39394932 15582769
16871637 15419796
15411162 15419796
16871637 15411162
15419796 17124747
15411162 15816424
14269220 39394932
15419796 39394932
12223 14269220
14609321 14935647
15582769 16871637
27073265 117237387
55873816 326755929
343797833 14372486
282388693 237315244
58528137 407977463
29993099 335641572
290871738 282388693
290871738 237315244
210254309 68604037
210254309 306005773
24560836 158558510
326371495 265781635
326371495 208891656
283193474 326371495
32530227 326371495
208891656 283193474
265781635 208891656
35502708 326371495
414415556 283193474
414415556 326371495
53296515 463194918
414415556 32530227
14238569 7594982
8119302 7594982
14238569 35986710
35986710 17821932
7594982 7797552
14238569 17821932
13171472 2009991
17821932 7797552
8119302 13171472
7594982 17821932
7594982 2009991
7594982 13171472
17821932 8119302
35986710 7594982
35986710 8119302
99467249 204317520
414569910 89898430
414569910 19003050
414569910 403473415
81789092 19534433
206621725 35233873
35233873 25577351
111164068 227126986
262045931 380196467
262045931 357741061
27853708 262045931
88130019 262045931
508226086 262045931
357741061 111164068
46140684 262045931
88130019 325670642
380196467 65936054
262045931 218764303
227126986 262045931
65936054 262045931
84200495 262045931
191601056 227126986
38214426 191601056
191601056 306265180
24166711 37931906
17564647 24574626
37931906 17564647
359791673 37229840
38214426 325799091
480113860 359791673
359791673 333881828
40813518 22981846
366849338 405122243
405122243 17578749
151505240 343913571
384452872 118135933
384452872 429289159
254123924 187722919
346880024 176939238
50054844 119171551
384452872 187722919
119171551 187722919
118135933 411011857
360245938 302643429
187722919 118135933
119171551 181710644
411011857 429289159
254123924 346880024
118135933 176939238
119171551 254123924
118135933 119171551
384452872 176939238
176939238 254123924
346880024 411011857
119171551 429289159
384452872 254123924
346880024 429289159
119171551 176939238
384452872 368699121
384452872 119171551
118135933 368699121
411011857 187722919
429289159 118135933
411011857 384452872
375214274 346880024
254123924 411011857
187722919 346880024
118135933 254123924
42897096 200959768
38901224 6427892
38901224 16815619
200959768 398994309
16815619 6427892
33669807 200959768
23853807 200959768
23853807 16815619
33669807 23853807
48398960 84368747
172887151 33390855
26038292 17001189
27567775 113751683
35972874 59804598
5423502 59804598
14269220 104352067
35722372 27567775
430703073 90203412
210428550 230484387
119798626 210428550
210428550 101204352
15471060 33830368
210428550 68316611
17501358 16397686
133404204 15453752
18713254 133404204
20012454 17501358
337537112 337802792
283388768 82522075
82522075 166226911
82522075 88692036
195171695 283388768
166226911 283388768
195171695 166226911
8163442 29134751
61040299 93659369
70122463 45231082
41582548 182414019
182414019 45231082
70122463 41582548
151959257 70122463
182414019 283602905
182414019 151959257
151959257 231004001
182414019 70122463
283602905 70122463
246023376 133756497
19089252 20747847
106061616 35233873
353665909 19534433
21993337 18991464
19685455 44616049
44616049 18991464
68898458 18991464
52830048 18991464
30027101 18991464
19720220 18991464
333815274 327102622
446010132 112939321
333815274 112939321
388118957 446010132
388118957 149538028
112939321 342421694
224160357 242692217
178805277 333815274
242692217 112939321
342421694 333815274
20212580 17092592
15053372 20212580
34742074 17092592
15053372 35406821
101721302 17092592
15743810 15170346
15170346 15368404
78408666 15327996
22708540 34778564
14609321 15053372
96585601 26054442
255790981 387928178
73381700 25473689
25473689 20291791
813286 15036041
135397331 529041333
260281892 286012612
286012612 22273748
355637036 286012612
70600914 286012612
164686885 54514600
22273748 394475305
394475305 355637036
97088346 327102622
288485704 101204352
360245938 72357609
200214366 327102622
115221382 200214366
261074207 183502719
307652781 122111980
555521357 37605913
345930964 47005906
146768204 29368258
813286 21434769
71553401 53751973
18562064 18740669
18562064 261227209
380503334 380663874
322358312 72323229
139084494 280049106
262182509 380663874
262182509 383830013
262182509 310424126
310424126 288485704
383830013 280049106
61235410 72323229
310424126 280049106
310424126 336269684
45047314 66004143
63372660 38676123
38676123 33940400
38676123 64241129
97115053 78311082
97115053 215394089
33940400 152511987
215394089 78311082
73762766 97552857
104572249 41384205
24875696 33940400
152511987 38676123
169572927 151145458
15471060 18734884
18734884 33830368
44191022 19238008
44191022 32824804
75708763 9604032
276124559 243614856
276124559 230396531
243614856 230396531
54243949 5244591
40321134 30495007
47161442 132834166
73381700 47161442
132834166 104352067
459491802 152065057
17426542 35722372
18886900 27567775
31524543 27567775
12591 9179362
7738402 9179362
188046098 86597957
25136067 45516390
16434221 17567533
17567533 45516390
16434221 45516390
17567533 34484725
151505240 358083488
309754474 370762041
309754474 358083488
370762041 358083488
179278975 180509355
258218804 19370213
29151815 339503567
17525171 813286
314550074 18309277
33449028 276322412
8056522 33449028
276322412 8888672
8888672 21224587
290656947 49210949
322171570 248748948
290656947 248748948
14269220 117359940
22900797 15431344
15431344 14269220
18594420 235766196
59804598 15431344
14355610 22900797
235766196 22900797
18594420 14269220
18594420 59804598
19388771 37508790
37792861 26438384
21981231 42588508
28071884 66515918
28433775 37792861
270449528 435255730
66530713 14269220
29089122 359791673
374347717 359791673
16448588 355009696
16448588 457400706
355009696 457400706
355009696 50738078
135187349 267318068
249188812 135187349
135187349 355009696
249188812 355009696
18393753 96174685
13871102 21907788
813286 15223433
13871102 14770116
813286 10285082
15223433 13871102
105595534 18393753
105595534 96174685
25838635 813286
135385447 80483595
176425989 203942956
114833239 50449246
20175675 386064033
16643805 18177126
64442789 41384205
139713345 193956929
195887204 38268441
15192772 111492860
14592925 15938093
5576542 15938093
5576542 790036
5576542 15192772
790036 14592925
59554328 149685699
5576542 14592925
38268441 59554328
38268441 149685699
76016329 150978009
156280168 18991187
72820359 25577351
35233873 156280168
20045134 76016329
76016329 35233873
35233873 72820359
20045134 25577351
35233873 21856144
25577351 76016329
76016329 156280168
35233873 150978009
106061616 72820359
25577351 150978009
18991187 150978009
27834517 35233873
182384867 41590595
200969056 16186743
16186743 22813738
25069628 22813738
26811248 16186743
41590595 16186743
151505240 191601056
25473689 90118996
90118996 474589602
191601056 28280650
64611446 359791673
35490641 17564647
238431491 244441120
307357248 305423837
19401487 244441120
19401487 307357248
307357248 244441120
160302244 381048540
190399951 368801039
190399951 20189970
20189970 368801039
279251969 184391654
755603 6598572
755603 91718540
18681592 199032495
321592490 308911400
256633393 13857762
278697037 281234028
308911400 13857762
19370213 66530713
66530713 3299561
185512077 66530713
10854812 405954273
10854812 14609321
47161442 405954273
405954273 104352067
64611446 293392015
333881828 29089122
35777926 55309264
129631184 251261925
129631184 66190348
43180035 41870991
25689832 129631184
66661590 70458047
58356127 70458047
51828073 129631184
129631184 91884854
129631184 66409671
242362681 129631184
129631184 43180035
129631184 70458047
66409671 25689832
14506505 14048809
17632072 373123978
47161442 14935647
132834166 286012612
21434444 282447785
14935647 104352067
22273748 104352067
135704870 132834166
373123978 135704870
19866631 13229902
202500496 135704870
19866631 14935647
22273748 17632072
7762622 9273052
12724562 9273052
22557877 583883
14513100 7762622
14513100 9273052
636893 813286
9273052 22557877
583883 636893
636893 9273052
8004452 7762622
8004452 583883
583883 7762622
813286 8004452
9273052 8004452
7762622 22557877
14513100 8004452
12724562 636893
7762622 636893
20291791 20958456
20958456 73113170
20958456 276686889
357524793 73113170
68721382 73113170
168009636 20958456
20958456 20240002
19283723 15861559
57903424 18919936
19283723 22981846
31767699 58914651
43872362 17092592
18919936 15861559
22981846 42092597
26727655 20690398
17092592 1150571
10886182 17092592
1150571 58914651
169921002 17561785
17092592 31767699
182883839 17561785
35406821 29069574
58914651 17092592
10886182 1150571
18799041 58914651
14532236 19579267
150398297 14532236
18751439 121338495
87044829 430181870
14630319 32353559
14630319 25791289
14630319 21283935
32353559 25791289
148791188 86194532
62098714 70736039
70736039 31188700
31188700 813286
317652921 43601041
267923399 348278208
306604708 298402374
16815619 267923399
254400424 256872653
20187852 31067157
267923399 20187852
267923399 317652921
164686885 305646642
22273748 31524543
330143622 81978740
333151960 356642631
233107833 295465484
73390436 295465484
233107833 356642631
81978740 163739424
23626899 109356584
223840932 268035072
12730882 38708614
229249830 238721415
238721415 25285450
13141852 14443028
14443028 26636349
14443028 38708614
136079475 14443028
162775226 13141852
17587331 15070712
204691142 14443028
204691142 136079475
229249830 162775226
162775226 25285450
20013151 813286
16815619 150505377
271662759 25473689
271662759 28960709
90205951 84208385
22665024 289459291
498440463 422268021
422268021 18089608
19563357 14269220
36644925 22665024
51239075 422268021
372559100 51239075
18089608 51239075
36644925 20195073
227486711 18089608
165411431 255790981
20291791 45319754
16871637 26200403
46553113 16871637
18709570 15053372
16108210 16871637
87571114 26200403
26364322 39394932
39394932 30982580
87571114 39394932
52832085 26200403
52832085 13104722
18709570 30982580
18709570 195934431
18709570 26200403
195934431 16108210
39394932 52832085
16871637 87571114
16108210 52832085
16108210 46553113
26200403 16108210
26200403 195934431
52832085 87571114
18709570 16108210
16871637 15053372
52832085 16871637
16871637 26364322
16108210 87571114
26200403 39394932
39394932 16108210
16871637 21224587
26200403 22981846
27853708 34431320
16549787 24232984
64304897 87060964
17007560 20465564
20465564 32893652
30418870 129716643
29592491 45040038
29592491 30418870
16968632 18646199
21158690 31531849
20747847 31531849
14610206 17964866
59369137 355275030
14610206 59369137
14610206 152515045
14610206 31531849
31531849 17964866
59369137 152515045
34310801 15909010
26077026 11856422
28444033 42576711
97540798 44909928
95097958 184907407
5388852 14835652
53025463 52238172
46947488 264124770
46947488 390189904
74697858 182136530
351514707 74697858
14088064 96432821
74697858 264124770
429081965 74697858
61353269 25594518
25594518 26445140
26445140 61353269
41238485 15439882
150774780 378703574
52091660 15439882
172742915 175767720
150367583 175767720
175767720 346840644
178726318 150367583
172742915 84114921
132834166 79119341
26681152 111411572
260523318 72665816
18045966 37963098
53420694 260523318
798556 53194854
798556 111411572
40813518 18709570
68526677 252703381
16125588 252703381
162310738 19622462
324660438 47161442
389486164 162310738
506342927 40964378
162310738 56535506
20163916 162204428
351073900 20163916
15097566 33173260
58642515 20163916
15426099 20163916
20163916 217416589
80088141 24400628
15097566 18060163
18060163 20163916
20163916 14414452
14414452 58642515
19382500 15097566
18060163 33173260
20163916 80088141
217416589 15097566
15097566 80088141
24400628 15097566
19382500 20163916
15097566 20163916
217416589 80088141
360245938 189592841
49064411 25842688
28349128 41896109
20641338 20408795
813286 36823
22272053 92614042
151753441 17567533
90778418 93004355
49666871 45638067
17567533 17905977
49666871 90778418
93004355 49666871
20928893 412582295
17905977 48564118
17567533 48564118
90778418 22272053
55101908 117177384
311989458 11696732
87165980 1294741
19526770 14072931
21417687 813286
19817778 19526770
311989458 19526770
1294741 11696732
323351607 20662802
123051486 101721302
180416124 246578847
18274748 14803917
462310261 100649666
111164068 238431491
116308543 29994187
109342607 78758706
14858086 13165
59804598 88827363
54279612 59804598
282704372 26519172
20291791 18591927
20291791 26519172
140741639 202186639
202186639 288932529
140741639 288932529
423992563 489281307
59804598 20039736
17632072 33140178
178513073 367681328
157461057 59409306
160657479 45696104
131305826 24588389
157461057 234625696
157461057 269541156
95075291 234625696
25238486 129895131
129895131 26514376
269541156 59409306
24588389 129895131
129895131 126506556
25284019 31317590
25238486 126506556
46503181 188962593
46503181 199415817
157180599 21916557
490922827 288485704
288485704 79609940
471692812 350322420
443127182 146598249
490922827 382370111
490922827 471692812
350322420 288485704
16373202 12798922
17092592 18952429
24389233 17092592
135704870 16651072
183502710 16651072
131728473 17092592
365249846 282447785
16651072 59804598
135704870 365249846
59804598 136278069
17092592 136278069
131728473 24389233
183502710 17092592
136278069 183502710
221859696 17092592
183502710 221859696
15993038 20474740
14060667 24730013
24730013 50426510
55532048 2976831
55532048 24730013
99291085 50426510
50426510 55532048
87356124 17891116
19740681 16956955
14427975 90984237
23992692 800437
65508777 28960709
73381700 18591927
20291791 28960709
18591927 360210288
39141427 282704372
44186632 39141427
28960709 20240002
282704372 44186632
44186632 127178017
360210288 282704372
20240002 26519172
2565 15903746
12798452 15903746
8091602 814306
1527091 15757690
814306 1527091
119897041 194703864
194703864 6374602
6374602 42096654
194703864 42096654
68762038 18148907
11334 813286
149622343 25000290
25000290 31569479
25000290 114738427
557143602 23021979
149622343 31569479
280747281 228786825
27335801 228786825
25000290 47689027
271495538 290216175
263514193 290216175
263514193 233687955
271495538 285571521
263514193 270767794
248967064 233687955
165675053 19509652
271495538 224272024
27585831 74294087
248932073 270767794
74294087 285571521
39753512 285571521
236749048 165675053
233687955 162385517
26453558 263514193
26453558 74294087
292767542 233687955
27585831 270767794
263514193 285571521
263514193 236749048
290216175 292767542
248932073 26453558
236749048 271495538
248967064 248932073
248932073 263514193
270767794 233687955
233687955 290216175
27585831 233687955
263514193 271495538
263514193 248967064
58985584 5704862
14525652 14296723
14296723 8108052
14296723 16350866
16350866 8108052
8108052 793351
147324465 441328248
194354261 50887421
64418022 23696980
64418022 112939321
21068395 8163442
38967935 81656691
18253799 14850955
15468275 28363255
28363255 19362061
29533547 28363255
47481061 29533547
28363255 19613618
22523624 63827110
15584851 130877595
35613013 20209459
14995210 14319981
777925 15062340
64011951 115520085
115520085 289042697
289042697 20383419
165842017 289042697
14751849 12695752
72357609 217488200
210428550 73050189
210428550 200559228
25842688 40076725
21212730 25143948
15147397 17587207
78925893 25143948
78925893 21212730
20240002 18361967
556167733 255790981
20291791 18361967
25810548 20958456
20291791 16214045
25810548 20240002
282704372 20958456
25810548 175633082
16214045 20240002
20958456 18591927
25810548 73381700
175633082 18591927
18591927 25810548
282704372 25810548
14362575 16243471
24973996 16069548
86157495 14362575
14362575 16069548
14955344 30572722
14955344 36757972
102300277 86120067
36757972 93006320
30572722 15290966
15180686 93006320
14955344 15180686
15290966 101775511
6258042 86120067
93006320 14955344
101775511 30572722
86120067 14955344
30572722 93006320
6258042 405482317
373422039 101775511
6258042 93006320
813286 19404587
58396487 43929488
19698923 64656259
35206553 193929442
259378270 167150593
18952429 259378270
263576813 167150593
167150593 111164068
167150593 110117428
18952429 167150593
259378270 263576813
50339952 485924782
7875762 43042986
78815877 25473689
413359972 15160273
18487428 39522848
39522848 19215993
46170816 19215993
314227065 16729099
15599371 18772408
18772408 154291841
15195150 87571114
154291841 21316848
21316848 18709570
18709570 15195150
154291841 15195150
87571114 40813518
154291841 18709570
157818542 18523512
291767815 218355549
51575022 23827692
208759600 218355549
75974281 393852070
199846203 172883064
196500142 94569164
14109475 15947348
15947348 108993961
15947348 129978583
21533722 15132110
46415678 64474358
104126903 64474358
647633 27870530
283193474 278776000
221921187 283193474
263224927 283193474
86630861 47240171
16490974 86300007
353934486 47240171
47240171 181753489
353934486 86630861
86300007 181753489
18104476 19497677
21255194 86300007
21255194 16490974
170906002 231545675
66491235 52310798
52310798 231545675
67119770 193291779
170906002 52310798
231545675 193291779
813286 17946886
111164068 13229902
14362575 10505322
276348332 230498574
19956523 40076725
20970926 39488895
100614511 20970926
39614123 20970926
100614511 39614123
33456706 100614511
33456706 20970926
33456706 39614123
20970926 85114893
100614511 39488895
25382450 59804598
25382450 88971791
41026098 88971791
61598133 59804598
22900797 61598133
227863795 61598133
88971791 24249821
88971791 227863795
351133275 88971791
25382450 61598133
16224299 61598133
61598133 20747847
323520663 7078732
59804598 50063127
351133275 14291563
61598133 41026098
61598133 24249821
14291563 88971791
21158690 61598133
54631530 17092592
219065620 17092592
183502710 180450786
126062877 16736650
54631530 183502710
54631530 180450786
17092592 40895426
258576165 177229224
119446730 16736650
126062877 17092592
269805726 119446730
231007190 40895426
180450786 40895426
339859282 127178017
127178017 87229901
210098167 153852656
173343647 282704372
339859282 282704372
647223 30060242
15567576 17398347
4542801 647223
15166543 647223
4542801 4393381
4393381 647223
15166543 4542801
103421652 26376975
14249811 26376975
17587331 54795290
9423662 17960638
77712736 12538472
52556532 39164896
1277041 12538472
9423662 77712736
43328989 52556532
14291326 43328989
16120265 817268
9570302 9423662
12538472 14291326
9570302 77712736
17960638 43328989
77712736 39164896
12538472 43328989
14291326 39164896
9570302 17960638
12538472 9423662
52556532 77712736
77712736 43328989
77712736 14291326
13831522 813286
13831522 19753864
813286 817268
14565861 13831522
1294741 127782922
817268 127782922
2806761 817268
817268 75246510
1399231 524463
15435220 20421603
767396 14824385
22832029 53717630
394460725 72555359
72555359 15252736
16908436 15435220
2009991 16069548
16060735 15435220
16060735 2009991
16060735 15252736
1775861 16069548
15252736 16908436
1775861 16060735
16069548 16060735
16908436 1775861
66530713 372084834
15160273 372084834
55309264 19370213
586 12101862
16120265 309206712
16193542 14946893
13083622 15993038
15993038 14521981
14783304 14521981
14783304 22448729
37878753 22448729
14521981 37878753
19370213 14269220
51951241 128957132
128957132 32102005
44962272 19388771
32695475 51951241
56834816 32102005
32695475 32102005
32695475 56834816
32102005 51951241
21721401 99686909
44465753 19388771
7777932 85985832
33873372 56834816
51951241 56834816
44465753 44962272
56834816 128957132
18034357 1315011
1133971 1315011
7531832 14677998
12661 1133971
38353 12661
38353 1315011
1315011 12661
38353 38699900
16586811 137187477
17843533 48903480
8254982 8320432
813286 30108503
30108503 85897690
85977550 77581855
85897690 85977550
17625522 76968686
61903300 23800611
76968686 23800611
39299241 88936426
23800611 17625522
39299241 23800611
27073265 21982720
18345963 61903300
17625522 39299241
18345963 39299241
17625522 61903300
37396276 32175870
16522244 15677650
1891381 123160974
16522244 21162492
93006320 128320890
24550707 19178857
103541806 19178857
76702882 23145471
107236336 41435895
107236336 57026351
6291872 107236336
233356779 18770310
188586381 65147931
42135344 20194941
28061932 14220046
5391882 36823
7697472 6016062
7697472 17417121
586 5391882
18174186 31015514
31015514 28187573
18174186 28187573
24560836 16252002
49053258 68845466
73434013 110760237
73434013 143169862
172524209 182481395
72420530 172524209
147679058 310651459
201499968 249361546
201499968 172524209
72420530 65693114
111103485 65693114
249361546 82159002
172464017 162420686
182481395 172464017
172464017 172524209
201499968 247002646
172524209 65693114
58033175 172464017
197154656 171318249
247002646 182481395
58033175 172524209
172524209 247002646
66661590 97463613
72420530 162420686
131364612 247002646
247002646 58033175
182481395 201499968
111103485 72410358
172464017 131364612
201499968 58033175
82159002 65693114
14531164 19962737
19962737 27062951
206063829 168231881
265021248 278697037
22707147 223959754
93707337 9340912
93707337 22707147
22707147 9340912
9340912 223959754
7861312 16060735
109758140 126088259
56431113 126088259
19676802 16602180
35246396 27796499
16602180 20976154
17284200 20997349
63228090 20984259
353824303 20984259
40306315 18713254
761290 86563606
15252736 2317921
27512794 14335262
14335262 8126322
35206553 16956955
16956955 8126322
8126322 39825297
34556109 14335262
8126322 27721192
14985228 2317921
16956955 27721192
22722452 8126322
39825297 22722452
16956955 22722452
2317921 8126322
22722452 27721192
16956955 34556109
14966677 2317921
16956955 2317921
2317921 22722452
2317921 27721192
39825297 2317921
14966677 14335262
14335262 2317921
14335262 22722452
17821671 26535027
21149003 232033170
17821671 21149003
156984830 22596969
27521114 212155430
212155430 10333972
22596969 212155430
212155430 285198742
212155430 96208310
26535027 6164682
19371099 22596969
17821671 96208310
22596969 96208310
26535027 96208310
21149003 96208310
15145547 90071403
212155430 19371099
156984830 232033170
156984830 104002640
19371099 156984830
26535027 19371099
232033170 212155430
22596969 6164682
22596969 26535027
87779500 212155430
27521114 26535027
285198742 14063605
232033170 26535027
156984830 26535027
22596969 21149003
22596969 232033170
17821671 19371099
50042330 68174078
14775425 54188979
132809440 14319981
89026066 16312316
30007505 21458147
21174708 16312316
1084 9822052
9822052 14876536
10051022 5391882
10051022 14876536
5391882 14876536
54467758 83450402
35831704 34479708
93579404 36757972
278746956 74697858
14955344 15880884
6258042 74697858
278746956 6258042
74697858 104585489
26865509 151338729
149426168 79613352
28318908 17843533
28318908 48903480
22684480 28318908
9604032 226165839
54499639 40076725
17628437 253973
765694 11415842
253973 14964767
765694 17628437
126427420 17092592
250408941 373622208
221402863 126510360
252659822 221402863
215051592 373622208
215051592 250408941
113766686 35388869
266040555 33724407
35388869 145356475
113766686 38313584
156652502 266040555
38313584 50009606
113766686 36441704
145356475 470640651
33724407 113766686
145356475 33724407
33724407 156652502
156652502 145356475
217511904 33724407
217511904 192396145
266040555 35388869
35388869 36441704
36441704 192396145
145356475 113766686
33724407 192396145
14372486 14102913
2806761 22323452
22323452 343797833
3496641 127782922
2806761 14525652
6080022 162770758
38684785 17092592
17092592 34722951
14935647 17092592
162770758 17092592
91211615 17092592
46122746 17092592
17092592 6080022
6080022 59804598
59804598 41839767
59804598 14935647
15923226 7402662
43334545 14208982
38761811 21415375
